FILE CREATED: Tue, Jun 26, 2007 
NSORT-ed   Jun07068.ABS 	  +  Jun07066.ABS	  + none
normalized to   Jun07066.ABS
multiplicative factor 1-2 =    0.8213104	 multiplicative factor 2-3 =            1
The 6 columns are | Q (1/A) | I(Q) (1/cm) | std. dev. I(Q) (1/cm) | sigmaQ | meanQ | ShadowFactor|
       0.002224            1905           87.31       0.0005223        0.002283          0.9972
       0.002567            1073           44.86       0.0005246        0.002617               1
       0.002909             640           22.65       0.0005271        0.002953               1
       0.003251           414.4           13.13       0.0005304        0.003291               1
       0.003593           281.5           8.386       0.0005342        0.003629               1
       0.003936           201.6           5.535       0.0005386        0.003968               1
       0.004278           149.2           4.395       0.0005434        0.004308               1
        0.00462           114.6           3.352       0.0005487        0.004648               1
       0.004962           89.77           2.808       0.0005544        0.004988               1
       0.005304           70.14           2.256       0.0005605        0.005329               1
       0.005647           56.78           1.639        0.000567        0.005669               1
       0.005989           47.27           1.565       0.0005738         0.00601               1
       0.006331           38.95           1.325       0.0005809        0.006351               1
       0.006673           32.23           1.088       0.0005884        0.006692               1
       0.007015           26.54          0.9002       0.0005962        0.007034               1
       0.007358           25.04          0.9659       0.0006042        0.007375               1
         0.0077           20.28          0.6598       0.0006126        0.007717               1
       0.008042            17.2          0.6418       0.0006212        0.008058               1
       0.008384           14.98          0.6492         0.00063          0.0084               1
       0.008726           13.98          0.6253       0.0006391        0.008741               1
       0.009069           11.74          0.5781       0.0006485        0.009083               1
       0.009411           10.54          0.5171        0.000658        0.009424               1
       0.009753           9.889           0.414       0.0006678        0.009766               1
         0.0101           8.246          0.4554       0.0006778         0.01011               1
        0.01044           7.299          0.3999        0.000688         0.01045               1
        0.01078           7.026          0.3583       0.0006983         0.01079               1
        0.01112           5.946          0.3603       0.0007088         0.01113               1
        0.01146           5.499          0.3064       0.0007196         0.01148               1
        0.01181           5.224          0.3073       0.0007304         0.01182               1
        0.01215           4.757          0.3076       0.0007414         0.01216               1
        0.01249           4.298          0.2796       0.0007526          0.0125               1
        0.01283            4.05          0.2568       0.0007639         0.01284               1
        0.01317           3.749          0.3047       0.0007753         0.01318               1
        0.01352            4.07          0.2812       0.0007869         0.01353               1
        0.01386           2.885          0.2356       0.0007986         0.01387               1
         0.0142           2.743          0.2361       0.0008104         0.01421               1
        0.01454           2.474          0.2314       0.0008223         0.01455               1
        0.01489           2.367          0.2124       0.0008344         0.01489               1
        0.01523           1.988          0.1921       0.0008465         0.01524               1
        0.01557           1.932          0.2107       0.0008587         0.01558               1
        0.01591           2.061          0.2091       0.0008711         0.01592               1
        0.01625           1.738          0.1711       0.0008835         0.01626               1
         0.0166           1.943          0.1912        0.000896          0.0166               1
        0.01694           1.777          0.1652       0.0009086         0.01695               1
        0.01728           1.502          0.1736       0.0009212         0.01729               1
        0.01762            1.67          0.1768        0.000934         0.01763               1
        0.01796           1.189          0.1455       0.0009468         0.01797               1
        0.01831           1.137          0.1565       0.0009597         0.01831               1
        0.01865           1.367          0.1666       0.0009726         0.01866               1
        0.01899           1.301           0.169       0.0009856           0.019               1
        0.01933           1.275          0.1644       0.0009987         0.01934               1
        0.01968           1.352          0.1422        0.001012         0.01968               1
        0.02002           1.151            0.15        0.001025         0.02002               1
        0.02036           1.082          0.1434        0.001038         0.02037               1
         0.0207           1.329          0.1734        0.001052         0.02071               1
        0.02104           1.007          0.1358        0.001065         0.02105               1
        0.02139          0.8788          0.1307        0.001078         0.02139               1
        0.02173          0.9305          0.1522        0.001092         0.02173               1
        0.02207           1.089          0.1427        0.001105         0.02208               1
        0.02241          0.8599          0.1369        0.001119         0.02242               1
        0.02275          0.8369           0.153        0.001132         0.02276               1
         0.0231          0.6942          0.1505        0.001146          0.0231               1
        0.02344           1.031          0.1812         0.00116         0.02344               1
        0.02378          0.9388          0.1645        0.001173         0.02379               1
        0.02412           0.864          0.1591        0.001187         0.02413               1
        0.02446          0.6618          0.1397        0.001201         0.02447               1
        0.02481           1.006          0.1473        0.001215         0.02481               1
        0.02515           0.441          0.1489        0.001229         0.02515               1
        0.02549          0.8763           0.163        0.001242         0.02549               1
        0.02583          0.5725          0.1593        0.001256         0.02584               1
        0.02617          0.6788           0.159         0.00127         0.02618               1
        0.02652          0.7372          0.1735        0.001284         0.02652               1
        0.02686          0.6097          0.1302        0.001298         0.02686               1
         0.0272          0.5066          0.1416        0.001312          0.0272               1
        0.02754          0.8566           0.169        0.001326         0.02755               1
        0.02788           0.646          0.1464         0.00134         0.02789               1
        0.02804          0.6475         0.01146        0.004752         0.02841               1
        0.02823          0.6493          0.1678        0.001355         0.02823               1
        0.03178          0.5626        0.007558        0.004792         0.03211               1
        0.03552          0.5034        0.005983        0.004839         0.03581               1
        0.03925          0.4558        0.005303        0.004892         0.03951               1
        0.04298          0.4418        0.005285        0.004951         0.04322               1
        0.04672          0.4272        0.005126        0.005016         0.04694               1
        0.05045          0.4112        0.004927        0.005085         0.05065               1
        0.05418          0.3977        0.005407        0.005159         0.05437               1
         0.0579          0.3947        0.004995        0.005237         0.05808               1
        0.06163          0.3914        0.004141        0.005319          0.0618               1
        0.06536          0.3923        0.004304        0.005405         0.06551               1
        0.06908          0.3904        0.004343        0.005495         0.06923               1
         0.0728          0.3868        0.004783        0.005588         0.07294               1
        0.07652          0.3846        0.003729        0.005685         0.07665               1
        0.08023          0.3903        0.004434        0.005784         0.08036               1
        0.08395          0.3961        0.003971        0.005887         0.08407               1
        0.08766          0.3854        0.003836        0.005992         0.08778               1
        0.09137          0.3815        0.003931          0.0061         0.09148               1
        0.09508          0.3893        0.003809         0.00621         0.09518               1
        0.09878          0.3956        0.003901        0.006322         0.09888               1
         0.1025          0.3923        0.004025        0.006437          0.1026               1
         0.1062          0.3903        0.004037        0.006554          0.1063               1
         0.1099          0.3868         0.00404        0.006672            0.11               1
         0.1136          0.3982        0.003419        0.006793          0.1137               1
         0.1173          0.3921        0.003561        0.006915          0.1173               1
         0.1209          0.3935         0.00358        0.007038           0.121               1
         0.1246          0.3934        0.003518        0.007164          0.1247               1
         0.1283          0.3966        0.002966         0.00729          0.1284               1
          0.132          0.3941        0.003622        0.007418          0.1321               1
         0.1357          0.3963        0.003164        0.007547          0.1357               1
         0.1393          0.4009        0.003282        0.007677          0.1394               1
          0.143          0.3956        0.003231        0.007808          0.1431               1
         0.1466          0.3991        0.003297        0.007941          0.1467               1
         0.1503          0.3967        0.003057        0.008074          0.1504               1
          0.154          0.4042        0.003269        0.008208           0.154               1
         0.1576          0.4048        0.003258        0.008343          0.1577               1
         0.1612          0.3958        0.003041        0.008479          0.1613               1
         0.1649          0.4014        0.003539        0.008615          0.1649               1
         0.1685          0.4083        0.003175        0.008752          0.1686               1
         0.1721          0.4027        0.002747         0.00889          0.1722               1
         0.1758          0.4049         0.00337        0.009029          0.1758               1
         0.1794           0.405        0.003048        0.009167          0.1794               1
          0.183          0.4011        0.003187        0.009307          0.1831               1
         0.1866          0.4002        0.003051        0.009447          0.1867               1
         0.1902          0.3975        0.002907        0.009587          0.1903               1
         0.1938          0.3926        0.003237        0.009728          0.1939               1
         0.1974          0.3837        0.003236        0.009869          0.1975               1
          0.201          0.3738        0.002978         0.01001          0.2011               1
         0.2046          0.3678        0.002976         0.01015          0.2046               1
         0.2082           0.359          0.0032         0.01029          0.2082               1
         0.2117           0.355        0.003126         0.01044          0.2118               1
         0.2153          0.3455        0.002881         0.01058          0.2154               1
         0.2189          0.3304        0.002969         0.01072          0.2189               1
         0.2224          0.3231        0.002866         0.01086          0.2225               1
          0.226          0.3156        0.003061         0.01101           0.226               1
         0.2295          0.3026        0.002899         0.01115          0.2296               1
         0.2331             0.3        0.003136         0.01129          0.2331               1
         0.2366            0.29        0.003118         0.01144          0.2366               1
         0.2401          0.2783        0.003134         0.01158          0.2402               1
         0.2436          0.2664        0.003437         0.01172          0.2437               1
         0.2472          0.2502         0.00312         0.01187          0.2472               1
         0.2507          0.2419        0.002996         0.01201          0.2507               1
         0.2542            0.23        0.002833         0.01216          0.2542               1
         0.2577          0.2226        0.002923          0.0123          0.2577               1
         0.2611          0.2039        0.002932         0.01244          0.2612               1
         0.2646          0.1966        0.002901         0.01259          0.2647               1
         0.2681          0.1825        0.003015         0.01273          0.2681               1
         0.2716          0.1732        0.002702         0.01287          0.2716               1
          0.275          0.1564         0.00247         0.01302          0.2751               1
         0.2785           0.149        0.002225         0.01316          0.2785               1
         0.2819          0.1376        0.002333         0.01331          0.2819               1
         0.2854          0.1237        0.002473         0.01345          0.2854               1
         0.2888          0.1135        0.002563         0.01359          0.2888               1
         0.2922         0.09909        0.002266         0.01373          0.2922               1
         0.2956         0.09217        0.002242         0.01388          0.2957               1
          0.299         0.08072        0.002087         0.01402          0.2991               1
         0.3024         0.06996        0.002164         0.01416          0.3025               1
         0.3058         0.06698        0.002003         0.01431          0.3059               1
         0.3092         0.05724        0.001829         0.01445          0.3093               1
         0.3126         0.05049        0.001684         0.01459          0.3126               1
          0.316         0.04298        0.001909         0.01473           0.316               1
         0.3193         0.03468        0.001718         0.01487          0.3194               1
         0.3227         0.03028        0.001603         0.01502          0.3227               1
          0.326         0.02429         0.00128         0.01516          0.3261               1
         0.3294         0.02083        0.001529          0.0153          0.3294               1
         0.3327         0.01708        0.001311         0.01544          0.3327               1
          0.336         0.01689        0.001367         0.01558          0.3361               1
         0.3394         0.01377        0.001363         0.01572          0.3394               1
         0.3427         0.01029        0.001248         0.01586          0.3427               1
          0.346         0.01106        0.001286           0.016           0.346               1
         0.3493         0.01441         0.00121         0.01614          0.3493               1
         0.3525          0.0118        0.001344         0.01628          0.3526               1
         0.3558        0.009238        0.001242         0.01642          0.3559               1
         0.3591          0.0128        0.001275         0.01656          0.3591               1
         0.3624         0.01243        0.001268          0.0167          0.3624               1
         0.3656         0.01026        0.001293         0.01684          0.3656               1
         0.3688         0.01067        0.001234         0.01698          0.3689               1
         0.3721         0.01247        0.001219         0.01712          0.3721               1
         0.3753        0.009049        0.001119         0.01725          0.3753               1
         0.3785        0.008649        0.001207         0.01739          0.3786               1
         0.3817        0.009366        0.001206         0.01753          0.3818               1
         0.3849        0.007889        0.001209         0.01767           0.385               1
         0.3881        0.008739        0.001137          0.0178          0.3882               1
         0.3913         0.01047        0.001295         0.01794          0.3913               1
         0.3945         0.01263        0.001813         0.01808          0.3945               1
         0.3977         0.01117        0.001652         0.01821          0.3977               1
         0.4008         0.01033        0.001918         0.01835          0.4008               1
          0.404        0.008733        0.001712         0.01848           0.404               1
         0.4071         0.01155        0.002104         0.01862          0.4071               1
