Macintosh HD:Users:srkline:Collaborations:Yuri Melnichenko:Yuri_USANS_SANS_Jun2007:Yuri_USANS_22JUN07:Buli4_145psi_cor_dsm.txt
Chi^2 = 0.999752   PowerLaw m = -3.25   Iterations = 6967
0 box smooth passes and 0 smoothing spline passes
CREATED: Thu, Jun 28, 2007 at  2:22:03 PM
    3.29958e-05     1.11292e+09     1.75146e+07     3.29958e-07     3.29958e-05               1
    3.57708e-05     8.93057e+08     1.47995e+07     3.57708e-07     3.57708e-05               1
    4.13208e-05     5.96828e+08     5.56698e+06     4.13208e-07     4.13208e-05               1
    4.68708e-05     4.13596e+08     4.32071e+06     4.68708e-07     4.68708e-05               1
    5.24208e-05     3.00595e+08     3.48388e+06     5.24208e-07     5.24208e-05               1
    5.79708e-05     2.68269e+08     3.31377e+06     5.79708e-07     5.79708e-05               1
    6.35208e-05     2.06574e+08      2.7927e+06     6.35208e-07     6.35208e-05               1
    6.90708e-05     1.73505e+08     2.54508e+06     6.90708e-07     6.90708e-05               1
    7.46208e-05      1.4702e+08      2.3322e+06     7.46208e-07     7.46208e-05               1
    8.01708e-05     1.09424e+08     1.91313e+06     8.01708e-07     8.01708e-05               1
    8.57208e-05     8.78939e+07     1.67128e+06     8.57208e-07     8.57208e-05               1
    9.12708e-05     7.40106e+07     1.50451e+06     9.12708e-07     9.12708e-05               1
    9.68208e-05     6.10205e+07     1.33824e+06     9.68208e-07     9.68208e-05               1
    0.000102371     4.91361e+07     1.15521e+06     1.02371e-06     0.000102371               1
    0.000107921     4.26903e+07     1.04006e+06     1.07921e-06     0.000107921               1
    0.000113471     3.72633e+07          678513     1.13471e-06     0.000113471               1
    0.000135671     2.31618e+07          514048     1.35671e-06     0.000135671               1
    0.000157871     1.39693e+07          371858     1.57871e-06     0.000157871               1
    0.000180071     9.42964e+06          284803     1.80071e-06     0.000180071               1
    0.000202271     6.70338e+06          233322     2.02271e-06     0.000202271               1
    0.000224471     5.07341e+06          197561     2.24471e-06     0.000224471               1
    0.000246671     4.72348e+06          207804     2.46671e-06     0.000246671               1
    0.000268871     1.56895e+06          107333     2.68871e-06     0.000268871               1
    0.000279971     2.55258e+06         82904.6     2.79971e-06     0.000279971               1
    0.000335471     1.25445e+06         53242.8     3.35471e-06     0.000335471               1
    0.000390971          821833         42110.4     3.90971e-06     0.000390971               1
    0.000446471          416068         26011.5     4.46471e-06     0.000446471               1
    0.000501971          306183           21089     5.01971e-06     0.000501971               1
    0.000557471          214229         13884.9     5.57471e-06     0.000557471               1
    0.000779471         90444.9          7719.1     7.79471e-06     0.000779471               1
     0.00100147         19152.2         2403.99     1.00147e-05      0.00100147               1
     0.00111247         27243.7         3114.07     1.11247e-05      0.00111247               1
     0.00155647         9346.41         1685.81     1.55647e-05      0.00155647               1
     0.00200047          2726.6         739.293     2.00047e-05      0.00200047               1
     0.00244447         2358.37         690.051     2.44447e-05      0.00244447               1
