Macintosh HD:Users:srkline:Collaborations:Yuri Melnichenko:Yuri_USANS_SANS_Jun2007:Yuri_USANS_22JUN07:Buli4_1465p_cor_dsm.txt
Chi^2 = 0.999982   PowerLaw m = -3.74   Iterations = 6051
0 box smooth passes and 0 smoothing spline passes
CREATED: Thu, Jun 28, 2007 at  2:23:59 PM
     3.1041e-05     8.96914e+08     1.79977e+07      3.1041e-07      3.1041e-05               1
     3.3816e-05     7.15838e+08     1.48983e+07      3.3816e-07      3.3816e-05               1
     3.6591e-05     5.07791e+08     1.11836e+07      3.6591e-07      3.6591e-05               1
     4.2141e-05      4.0414e+08     4.79515e+06      4.2141e-07      4.2141e-05               1
     4.7691e-05     3.03724e+08     3.99207e+06      4.7691e-07      4.7691e-05               1
     5.3241e-05     2.34768e+08     3.41805e+06      5.3241e-07      5.3241e-05               1
     5.8791e-05     1.98595e+08     3.13357e+06      5.8791e-07      5.8791e-05               1
     6.4341e-05         1.6e+08     2.78745e+06      6.4341e-07      6.4341e-05               1
     6.9891e-05     1.06353e+08     2.11315e+06      6.9891e-07      6.9891e-05               1
     7.5441e-05     1.07395e+08     2.23788e+06      7.5441e-07      7.5441e-05               1
     8.0991e-05     7.59287e+07     1.79469e+06      8.0991e-07      8.0991e-05               1
     8.6541e-05     5.64438e+07     1.48129e+06      8.6541e-07      8.6541e-05               1
     9.2091e-05     5.34567e+07      1.4899e+06      9.2091e-07      9.2091e-05               1
     9.7641e-05      2.8972e+07          928280      9.7641e-07      9.7641e-05               1
    0.000103191     3.26972e+07     1.05794e+06     1.03191e-06     0.000103191               1
    0.000108741     3.13221e+07     1.03252e+06     1.08741e-06     0.000108741               1
    0.000114291     2.29867e+07          591406     1.14291e-06     0.000114291               1
    0.000136491     1.55291e+07          483037     1.36491e-06     0.000136491               1
    0.000158691     8.02184e+06          306523     1.58691e-06     0.000158691               1
    0.000180891     6.96401e+06          287981     1.80891e-06     0.000180891               1
    0.000203091     5.71755e+06          283981     2.03091e-06     0.000203091               1
    0.000225291     2.08287e+06          133492     2.25291e-06     0.000225291               1
    0.000247491     2.66798e+06          177422     2.47491e-06     0.000247491               1
    0.000269691     1.36765e+06          106564     2.69691e-06     0.000269691               1
    0.000280791     1.72144e+06         84624.1     2.80791e-06     0.000280791               1
    0.000336291          725541         52073.5     3.36291e-06     0.000336291               1
    0.000391791          367478         33544.3     3.91791e-06     0.000391791               1
    0.000447291          225010           23547     4.47291e-06     0.000447291               1
    0.000502791          182313         20457.9     5.02791e-06     0.000502791               1
    0.000558291          149379         15999.7     5.58291e-06     0.000558291               1
    0.000780291           18720         3550.09     7.80291e-06     0.000780291               1
     0.00100229         26190.4         5415.46     1.00229e-05      0.00100229               1
     0.00111329         6988.17         1884.16     1.11329e-05      0.00111329               1
     0.00155729         5139.89         1680.05     1.55729e-05      0.00155729               1
     0.00200129         1627.05          995.24     2.00129e-05      0.00200129               1
