Macintosh HD:Users:srkline:Collaborations:Yuri Melnichenko:Yuri_USANS_SANS_Jun2007:Yuri_USANS_22JUN07:Buli4_1071p_ret_cor_dsm.txt
Chi^2 = 0.999844   PowerLaw m = -3.55   Iterations = 5998
0 box smooth passes and 0 smoothing spline passes
CREATED: Thu, Jun 28, 2007 at  2:23:17 PM
    3.11106e-05     8.79989e+08     1.72468e+07     3.11106e-07     3.11106e-05               1
    3.38856e-05     6.50091e+08     1.34031e+07     3.38856e-07     3.38856e-05               1
    3.94356e-05     5.25928e+08     5.81997e+06     3.94356e-07     3.94356e-05               1
    4.49856e-05     3.74465e+08     4.58939e+06     4.49856e-07     4.49856e-05               1
    5.05356e-05     2.70395e+08     3.75879e+06     5.05356e-07     5.05356e-05               1
    5.60856e-05     2.03209e+08     3.14826e+06     5.60856e-07     5.60856e-05               1
    6.16356e-05     1.72778e+08     2.90669e+06     6.16356e-07     6.16356e-05               1
    6.71856e-05      1.3065e+08     2.48611e+06     6.71856e-07     6.71856e-05               1
    7.27356e-05     9.80701e+07     2.07906e+06     7.27356e-07     7.27356e-05               1
    7.82856e-05     7.80882e+07     1.81914e+06     7.82856e-07     7.82856e-05               1
    8.38356e-05     6.21938e+07     1.60512e+06     8.38356e-07     8.38356e-05               1
    8.93856e-05     5.08992e+07     1.42939e+06     8.93856e-07     8.93856e-05               1
    9.49356e-05     3.86124e+07     1.19942e+06     9.49356e-07     9.49356e-05               1
    0.000100486      2.9206e+07          990734     1.00486e-06     0.000100486               1
    0.000106036     2.77207e+07          971149     1.06036e-06     0.000106036               1
    0.000111586     2.31389e+07          612886     1.11586e-06     0.000111586               1
    0.000133786     1.39395e+07          457701     1.33786e-06     0.000133786               1
    0.000155986     7.08401e+06          285774     1.55986e-06     0.000155986               1
    0.000178186     6.49419e+06          281086     1.78186e-06     0.000178186               1
    0.000200386     4.16574e+06          219178     2.00386e-06     0.000200386               1
    0.000222586     2.86339e+06          173682     2.22586e-06     0.000222586               1
    0.000244786     2.74518e+06          188283     2.44786e-06     0.000244786               1
    0.000266986     1.29067e+06          113064     2.66986e-06     0.000266986               1
    0.000278086     1.28686e+06         72418.6     2.78086e-06     0.000278086               1
    0.000333586          610487         45851.4     3.33586e-06     0.000333586               1
    0.000389086          392702           35844     3.89086e-06     0.000389086               1
    0.000444586          225264         25254.1     4.44586e-06     0.000444586               1
    0.000500086          140765         18337.8     5.00086e-06     0.000500086               1
    0.000555586           92770         9866.73     5.55586e-06     0.000555586               1
    0.000777586         44433.6         6939.75     7.77586e-06     0.000777586               1
    0.000999586         6251.75         1698.83     9.99586e-06     0.000999586               1
     0.00111059            8740         2078.54     1.11059e-05      0.00111059               1
     0.00155459         4881.29         1529.62     1.55459e-05      0.00155459               1
     0.00244259         1145.69         775.009     2.44259e-05      0.00244259               1
