Macintosh HD:Users:srkline:Collaborations:Yuri Melnichenko:Yuri_USANS_SANS_Jun2007:Yuri_USANS_22JUN07:Buli4_29psi_cor_dsm.txt
Chi^2 = 0.999489   PowerLaw m = -3.24   Iterations = 12
0 box smooth passes and 0 smoothing spline passes
CREATED: Thu, Jun 28, 2007 at  2:20:46 PM
    3.32333e-05     1.33192e+09     1.97351e+07     3.32333e-07     3.32333e-05               1
    3.60083e-05     1.06402e+09     1.66861e+07     3.60083e-07     3.60083e-05               1
    4.15583e-05     6.29625e+08     5.74135e+06     4.15583e-07     4.15583e-05               1
    4.71083e-05     4.46227e+08      4.5498e+06     4.71083e-07     4.71083e-05               1
    5.26583e-05     3.22916e+08     3.68174e+06     5.26583e-07     5.26583e-05               1
    5.82083e-05     2.61861e+08     3.22613e+06     5.82083e-07     5.82083e-05               1
    6.37583e-05     2.08632e+08     2.78517e+06     6.37583e-07     6.37583e-05               1
    6.93083e-05     1.84695e+08     2.63253e+06     6.93083e-07     6.93083e-05               1
    7.48583e-05      1.4115e+08       2.207e+06     7.48583e-07     7.48583e-05               1
    8.04083e-05     1.09634e+08     1.87297e+06     8.04083e-07     8.04083e-05               1
    8.59583e-05     8.90415e+07     1.64686e+06     8.59583e-07     8.59583e-05               1
    9.15083e-05     7.52963e+07     1.48387e+06     9.15083e-07     9.15083e-05               1
    9.70583e-05      5.8132e+07     1.25086e+06     9.70583e-07     9.70583e-05               1
    0.000102608     5.28964e+07     1.19055e+06     1.02608e-06     0.000102608               1
    0.000108158     4.39453e+07     1.03719e+06     1.08158e-06     0.000108158               1
    0.000113708     3.76045e+07          667345     1.13708e-06     0.000113708               1
    0.000135908     2.23184e+07          480705     1.35908e-06     0.000135908               1
    0.000158108     1.47943e+07          371137     1.58108e-06     0.000158108               1
    0.000180308      1.0822e+07          303501     1.80308e-06     0.000180308               1
    0.000202508     6.61861e+06          222532     2.02508e-06     0.000202508               1
    0.000224708     5.06455e+06          188768     2.24708e-06     0.000224708               1
    0.000246908     3.41534e+06          145578     2.46908e-06     0.000246908               1
    0.000269108     2.87145e+06          130936     2.69108e-06     0.000269108               1
    0.000280208     2.67732e+06         78906.7     2.80208e-06     0.000280208               1
    0.000335708     1.24552e+06         47789.6     3.35708e-06     0.000335708               1
    0.000391208          851594         37230.4     3.91208e-06     0.000391208               1
    0.000446708          507998         26007.1     4.46708e-06     0.000446708               1
    0.000502208          436588         23625.7     5.02208e-06     0.000502208               1
    0.000557708          288147           15197     5.57708e-06     0.000557708               1
    0.000779708          109292         7783.76     7.79708e-06     0.000779708               1
     0.00100171         46076.5         4639.61     1.00171e-05      0.00100171               1
     0.00111271         25416.1         2866.55     1.11271e-05      0.00111271               1
     0.00155671         8926.67         1512.05     1.55671e-05      0.00155671               1
     0.00200071         4427.37         1048.95     2.00071e-05      0.00200071               1
