Macintosh HD:Users:srkline:Collaborations:Yuri Melnichenko:Yuri_USANS_SANS_Jun2007:Yuri_USANS_22JUN07:Buli4_14p_ret_cor_dsm.txt
Chi^2 = 0.999668   PowerLaw m = -3.23   Iterations = 7202
0 box smooth passes and 0 smoothing spline passes
CREATED: Thu, Jun 28, 2007 at  2:20:12 PM
    3.25154e-05     1.23311e+09     1.85149e+07     3.25154e-07     3.25154e-05               1
    3.52904e-05     9.03552e+08     1.46155e+07     3.52904e-07     3.52904e-05               1
    4.08404e-05     6.52323e+08     5.79546e+06     4.08404e-07     4.08404e-05               1
    4.63904e-05      4.7374e+08     4.69577e+06     4.63904e-07     4.63904e-05               1
    5.19404e-05     3.56313e+08      3.9429e+06     5.19404e-07     5.19404e-05               1
    5.74904e-05     2.65751e+08     3.24731e+06     5.74904e-07     5.74904e-05               1
    6.30404e-05     2.13894e+08     2.83239e+06     6.30404e-07     6.30404e-05               1
    6.85904e-05     1.86523e+08     2.68163e+06     6.85904e-07     6.85904e-05               1
    7.41404e-05     1.37969e+08     2.19047e+06     7.41404e-07     7.41404e-05               1
    7.96904e-05     1.16043e+08     1.99244e+06     7.96904e-07     7.96904e-05               1
    8.52404e-05     8.49822e+07      1.6133e+06     8.52404e-07     8.52404e-05               1
    9.07904e-05     7.76846e+07     1.55987e+06     9.07904e-07     9.07904e-05               1
    9.63404e-05     5.76087e+07     1.26522e+06     9.63404e-07     9.63404e-05               1
     0.00010189      5.5857e+07     1.29397e+06      1.0189e-06      0.00010189               1
     0.00010744     3.43263e+07          862084      1.0744e-06      0.00010744               1
     0.00011299     3.73829e+07          676895      1.1299e-06      0.00011299               1
     0.00013519     2.08984e+07          465199      1.3519e-06      0.00013519               1
     0.00015739     1.37921e+07          356126      1.5739e-06      0.00015739               1
     0.00017959      8.9157e+06          256935      1.7959e-06      0.00017959               1
     0.00020179     8.64866e+06          276721      2.0179e-06      0.00020179               1
     0.00022399     4.91115e+06          185915      2.2399e-06      0.00022399               1
     0.00024619     4.54841e+06          190470      2.4619e-06      0.00024619               1
     0.00026839     2.47948e+06          121993      2.6839e-06      0.00026839               1
     0.00027949     2.50163e+06         78812.4      2.7949e-06      0.00027949               1
     0.00033499     1.30478e+06         52144.6      3.3499e-06      0.00033499               1
     0.00039049          831411           39227      3.9049e-06      0.00039049               1
     0.00044599          563277         30963.7      4.4599e-06      0.00044599               1
     0.00050149          362751         23180.3      5.0149e-06      0.00050149               1
     0.00055699          228137         14088.5      5.5699e-06      0.00055699               1
     0.00077899         93527.6         7673.53      7.7899e-06      0.00077899               1
     0.00100099         26508.4          3214.8     1.00099e-05      0.00100099               1
     0.00111199         26229.6         3080.42     1.11199e-05      0.00111199               1
     0.00155599         6373.38         1221.69     1.55599e-05      0.00155599               1
     0.00199999         2699.48         633.751     1.99999e-05      0.00199999               1
     0.00244399         3059.76         731.594     2.44399e-05      0.00244399               1
