Macintosh HD:Users:srkline:Collaborations:Yuri Melnichenko:Yuri_USANS_SANS_Jun2007:Yuri_USANS_22JUN07:Buli4_71psi_cor_dsm.txt
Chi^2 = 0.999109   PowerLaw m = -3.23   Iterations = 108
0 box smooth passes and 0 smoothing spline passes
CREATED: Thu, Jun 28, 2007 at  2:21:11 PM
    3.19144e-05     1.29879e+09     2.01236e+07     3.19144e-07     3.19144e-05               1
    3.46894e-05     8.79056e+08     1.50047e+07     3.46894e-07     3.46894e-05               1
    4.02394e-05     6.33268e+08     5.87655e+06     4.02394e-07     4.02394e-05               1
    4.57894e-05     4.50941e+08     4.66527e+06     4.57894e-07     4.57894e-05               1
    5.13394e-05     3.21606e+08     3.73664e+06     5.13394e-07     5.13394e-05               1
    5.68894e-05     2.60944e+08     3.28261e+06     5.68894e-07     5.68894e-05               1
    6.24394e-05     2.01002e+08     2.75981e+06     6.24394e-07     6.24394e-05               1
    6.79894e-05     1.71843e+08     2.54223e+06     6.79894e-07     6.79894e-05               1
    7.35394e-05     1.42899e+08     2.27031e+06     7.35394e-07     7.35394e-05               1
    7.90894e-05     1.11854e+08     1.93866e+06     7.90894e-07     7.90894e-05               1
    8.46394e-05      8.5166e+07     1.62957e+06     8.46394e-07     8.46394e-05               1
    9.01894e-05     7.63329e+07     1.53458e+06     9.01894e-07     9.01894e-05               1
    9.57394e-05     5.02057e+07     1.14482e+06     9.57394e-07     9.57394e-05               1
    0.000101289     4.54619e+07     1.08371e+06     1.01289e-06     0.000101289               1
    0.000106839     4.30155e+07     1.04802e+06     1.06839e-06     0.000106839               1
    0.000112389     3.55651e+07          650529     1.12389e-06     0.000112389               1
    0.000134589     2.21811e+07          485744     1.34589e-06     0.000134589               1
    0.000156789     1.49109e+07          379828     1.56789e-06     0.000156789               1
    0.000178989      1.0925e+07          311411     1.78989e-06     0.000178989               1
    0.000201189     6.62039e+06          228357     2.01189e-06     0.000201189               1
    0.000223389     4.87496e+06          188686     2.23389e-06     0.000223389               1
    0.000245589     3.12994e+06          140282     2.45589e-06     0.000245589               1
    0.000267789      2.1976e+06          110162     2.67789e-06     0.000267789               1
    0.000278889     2.56739e+06         77613.5     2.78889e-06     0.000278889               1
    0.000334389      1.4182e+06         53543.1     3.34389e-06     0.000334389               1
    0.000389889          845244         38233.4     3.89889e-06     0.000389889               1
    0.000445389          466738         25193.3     4.45389e-06     0.000445389               1
    0.000500889          418588           23686     5.00889e-06     0.000500889               1
    0.000556389          276110         15176.3     5.56389e-06     0.000556389               1
    0.000778389          109155         8072.24     7.78389e-06     0.000778389               1
     0.00100039         38907.1         4287.23     1.00039e-05      0.00100039               1
     0.00111139         25586.5         2992.62     1.11139e-05      0.00111139               1
     0.00155539         7062.27         1313.97     1.55539e-05      0.00155539               1
     0.00199939         4432.85         1050.48     1.99939e-05      0.00199939               1
