Macintosh HD:Users:srkline:Collaborations:Yuri Melnichenko:Yuri_USANS_SANS_Jun2007:Yuri_USANS_22JUN07:Buli4_725psi_cor_dsm.txt
Chi^2 = 0.99999   PowerLaw m = -3.30   Iterations = 6523
0 box smooth passes and 0 smoothing spline passes
CREATED: Thu, Jun 28, 2007 at  2:22:34 PM
     3.3747e-05     9.13376e+08      1.5442e+07      3.3747e-07      3.3747e-05               1
     3.9297e-05     6.03975e+08     5.77345e+06      3.9297e-07      3.9297e-05               1
     4.4847e-05     3.96064e+08      4.1742e+06      4.4847e-07      4.4847e-05               1
     5.0397e-05     3.35151e+08     3.81786e+06      5.0397e-07      5.0397e-05               1
     5.5947e-05     2.53611e+08     3.17807e+06      5.5947e-07      5.5947e-05               1
     6.1497e-05     2.08162e+08     2.81488e+06      6.1497e-07      6.1497e-05               1
     6.7047e-05     1.73522e+08     2.55237e+06      6.7047e-07      6.7047e-05               1
     7.2597e-05     1.43898e+08     2.28987e+06      7.2597e-07      7.2597e-05               1
     7.8147e-05     1.18402e+08     2.04757e+06      7.8147e-07      7.8147e-05               1
     8.3697e-05     8.85267e+07      1.6938e+06      8.3697e-07      8.3697e-05               1
     8.9247e-05     8.08123e+07     1.64384e+06      8.9247e-07      8.9247e-05               1
     9.4797e-05     5.88865e+07     1.32654e+06      9.4797e-07      9.4797e-05               1
    0.000100347     4.03551e+07          990332     1.00347e-06     0.000100347               1
    0.000105897     4.74266e+07     1.17089e+06     1.05897e-06     0.000105897               1
    0.000111447     3.59242e+07          679809     1.11447e-06     0.000111447               1
    0.000133647     2.10136e+07          483815     1.33647e-06     0.000133647               1
    0.000155847     1.28906e+07          350316     1.55847e-06     0.000155847               1
    0.000178047     1.04906e+07          316800     1.78047e-06     0.000178047               1
    0.000200247     6.67348e+06          243400     2.00247e-06     0.000200247               1
    0.000222447     3.80096e+06          159939     2.22447e-06     0.000222447               1
    0.000244647       4.076e+06          183710     2.44647e-06     0.000244647               1
    0.000266847     2.01111e+06          106073     2.66847e-06     0.000266847               1
    0.000277947     2.55451e+06           84333     2.77947e-06     0.000277947               1
    0.000333447     1.32292e+06           57478     3.33447e-06     0.000333447               1
    0.000388947          651886         35864.3     3.88947e-06     0.000388947               1
    0.000444447          432542         27038.2     4.44447e-06     0.000444447               1
    0.000499947          377092         26370.5     4.99947e-06     0.000499947               1
    0.000555447          198422         12713.4     5.55447e-06     0.000555447               1
    0.000777447         55938.4         5658.38     7.77447e-06     0.000777447               1
    0.000999447         34894.8          4526.1     9.99447e-06     0.000999447               1
     0.00111045         16658.9         2379.91     1.11045e-05      0.00111045               1
     0.00155445         7901.17         1513.88     1.55445e-05      0.00155445               1
     0.00199845         3344.41         908.431     1.99845e-05      0.00199845               1
     0.00244245         2020.71         774.359     2.44245e-05      0.00244245               1
