Macintosh HD:Users:srkline:Collaborations:Yuri Melnichenko:Yuri_USANS_SANS_Jun2007:Yuri_USANS_22JUN07:Buli4_purged_cor_dsm.txt
Chi^2 = 0.998227   PowerLaw m = -3.20   Iterations = 7
0 box smooth passes and 0 smoothing spline passes
CREATED: Thu, Jun 28, 2007 at  2:24:24 PM
    3.20673e-05     1.54848e+09     2.23059e+07     3.20673e-07     3.20673e-05               1
    3.48423e-05      1.0125e+09     1.62636e+07     3.48423e-07     3.48423e-05               1
    3.76173e-05     7.85869e+08     1.32645e+07     3.76173e-07     3.76173e-05               1
    4.31673e-05     5.42532e+08     5.16149e+06     4.31673e-07     4.31673e-05               1
    4.87173e-05     4.00273e+08     4.21526e+06     4.87173e-07     4.87173e-05               1
    5.42673e-05      3.0414e+08     3.52277e+06     5.42673e-07     5.42673e-05               1
    5.98173e-05     2.64282e+08     3.24926e+06     5.98173e-07     5.98173e-05               1
    6.53673e-05     2.19263e+08     2.91661e+06     6.53673e-07     6.53673e-05               1
    7.09173e-05     1.64562e+08      2.4191e+06     7.09173e-07     7.09173e-05               1
    7.64673e-05     1.42681e+08     2.22744e+06     7.64673e-07     7.64673e-05               1
    8.20173e-05     1.14763e+08     1.95345e+06     8.20173e-07     8.20173e-05               1
    8.75673e-05     8.37499e+07     1.57838e+06     8.75673e-07     8.75673e-05               1
    9.31173e-05     7.61306e+07     1.50269e+06     9.31173e-07     9.31173e-05               1
    9.86673e-05     6.12235e+07      1.3101e+06     9.86673e-07     9.86673e-05               1
    0.000104217     4.96726e+07     1.13689e+06     1.04217e-06     0.000104217               1
    0.000109767     4.70252e+07      1.0877e+06     1.09767e-06     0.000109767               1
    0.000115317      3.9571e+07          698831     1.15317e-06     0.000115317               1
    0.000137517     2.22348e+07          487325     1.37517e-06     0.000137517               1
    0.000159717     1.37534e+07          357474     1.59717e-06     0.000159717               1
    0.000181917     1.00837e+07          291963     1.81917e-06     0.000181917               1
    0.000204117      6.6906e+06          227010     2.04117e-06     0.000204117               1
    0.000226317     5.43589e+06          202167     2.26317e-06     0.000226317               1
    0.000248517      3.2879e+06          144796     2.48517e-06     0.000248517               1
    0.000270717     2.40652e+06          115684     2.70717e-06     0.000270717               1
    0.000281817     2.49209e+06           75858     2.81817e-06     0.000281817               1
    0.000337317     1.41762e+06           53184     3.37317e-06     0.000337317               1
    0.000392817          874276         38871.5     3.92817e-06     0.000392817               1
    0.000448317          556486         28799.7     4.48317e-06     0.000448317               1
    0.000503817          374756         21882.8     5.03817e-06     0.000503817               1
    0.000559317          271403         15053.9     5.59317e-06     0.000559317               1
    0.000781317         90735.4         6933.12     7.81317e-06     0.000781317               1
     0.00100332         39405.8         4042.39     1.00332e-05      0.00100332               1
     0.00111432         30946.7         3215.61     1.11432e-05      0.00111432               1
     0.00155832         7547.18         1312.74     1.55832e-05      0.00155832               1
     0.00200232         3450.45         801.363     2.00232e-05      0.00200232               1
     0.00244632         2894.55         726.738     2.44632e-05      0.00244632               1
