0.00001   3.981071705534973
0.01001   1092.6272995724548
0.02001   95.41359246599205
0.03001   22.909926511791625
0.040010000000000004   8.324663724036625
0.050010000000000006   3.7959446569129636
0.06001   1.9982638593344557
0.07001   1.1615463024605535
0.08001   0.7259925568276454
0.09000999999999999   0.4796191541306794
0.10001   0.3310145896651261
0.11001   0.23667848481969042
0.12000999999999999   0.17424271365821073
0.13001000000000001   0.131462476962011
0.14001000000000002   0.10127916783125451
0.15001   0.079443223361073
0.16001   0.0632997681404111
0.17001000000000002   0.05113636755300769
0.18001   0.0418172872147791
0.19001   0.034570596088801225
0.20001000000000002   0.028860109951848872
0.21001   0.024306100442131433
0.22001   0.020634914701162736
0.23001000000000002   0.017646214447180068
0.24001   0.015191222823564679
0.25001   0.013158004240825241
0.26001   0.011461330062320533
0.27001000000000003   0.010035590508326885
0.28001000000000004   0.008829764764962854
0.29001   0.007803803655025093
0.30001   0.0069259958504628615
0.31001   0.006171028115150418
0.32001   0.005518541396172636
0.33001   0.004952045285698347
0.34001000000000003   0.004458094297425396
0.35001000000000004   0.004025657353798023
0.36001   0.003645631209864429
0.37001   0.003310462061702178
0.38001   0.003013849149707669
0.39001   0.002750510998504546
0.40001000000000003   0.0025159998627893587
0.41001000000000004   0.0023065535350803787
0.42001   0.002118976304445342
0.43001   0.001950542804123619
0.44001   0.0017989199395036654
0.45001   0.0016621031800066984
0.46001000000000003   0.0015383643246755217
0.47001000000000004   0.001426208480541679
0.48001   0.0013243384751395954
0.49001   0.0012316252964182455