FILE CREATED: Tue, Jun 26, 2007 
NSORT-ed   Jun07073.ABS 	  +  Jun07071.ABS	  + none
normalized to   Jun07073.ABS
multiplicative factor 1-2 =     1.003306	 multiplicative factor 2-3 =            1
The 6 columns are | Q (1/A) | I(Q) (1/cm) | std. dev. I(Q) (1/cm) | sigmaQ | meanQ | ShadowFactor|
       0.002224            4229           133.7       0.0005223        0.002283          0.9972
       0.002567            2522           77.97       0.0005246        0.002617               1
       0.002909            1597           36.67       0.0005271        0.002953               1
       0.003251            1113           20.92       0.0005304        0.003291               1
       0.003593           797.9           13.58       0.0005342        0.003629               1
       0.003936           598.3           9.484       0.0005386        0.003968               1
       0.004278           461.2           6.804       0.0005434        0.004308               1
        0.00462           375.8           5.515       0.0005487        0.004648               1
       0.004962           307.7           4.561       0.0005544        0.004988               1
       0.005304           253.3           3.775       0.0005605        0.005329               1
       0.005647           211.4           3.099        0.000567        0.005669               1
       0.005989           182.3           2.874       0.0005738         0.00601               1
       0.006331           156.2           2.742       0.0005809        0.006351               1
       0.006673           138.1           2.413       0.0005884        0.006692               1
       0.007015           119.7           1.982       0.0005962        0.007034               1
       0.007358             107           1.869       0.0006042        0.007375               1
         0.0077           92.75           1.585       0.0006126        0.007717               1
       0.008042           85.27           1.628       0.0006212        0.008058               1
       0.008384           75.57            1.48         0.00063          0.0084               1
       0.008726           68.09           1.232       0.0006391        0.008741               1
       0.009069           61.99           1.267       0.0006485        0.009083               1
       0.009411           57.63           1.395        0.000658        0.009424               1
       0.009753           52.23           1.236       0.0006678        0.009766               1
         0.0101           46.47           1.015       0.0006778         0.01011               1
        0.01044           44.37           1.087        0.000688         0.01045               1
        0.01078           40.56           1.138       0.0006983         0.01079               1
        0.01112           38.76           1.028       0.0007088         0.01113               1
        0.01146           33.08          0.8504       0.0007196         0.01148               1
        0.01181           30.82          0.8967       0.0007304         0.01182               1
        0.01215           31.15          0.8601       0.0007414         0.01216               1
        0.01249           27.19          0.8224       0.0007526          0.0125               1
        0.01283           26.09          0.8018       0.0007639         0.01284               1
        0.01317            24.7          0.7233       0.0007753         0.01318               1
        0.01352           23.15          0.7008       0.0007869         0.01353               1
        0.01386            20.7          0.6908       0.0007986         0.01387               1
         0.0142           20.76          0.6729       0.0008104         0.01421               1
        0.01454           18.99          0.6363       0.0008223         0.01455               1
        0.01489           18.69          0.5952       0.0008344         0.01489               1
        0.01523           18.46          0.5405       0.0008465         0.01524               1
        0.01557           15.65          0.5125       0.0008587         0.01558               1
        0.01591           15.24          0.5621       0.0008711         0.01592               1
        0.01625           14.23          0.5294       0.0008835         0.01626               1
         0.0166           13.26          0.4856        0.000896          0.0166               1
        0.01694           13.95          0.4805       0.0009086         0.01695               1
        0.01728           12.78           0.483       0.0009212         0.01729               1
        0.01762           12.46          0.4999        0.000934         0.01763               1
        0.01796           11.18          0.4674       0.0009468         0.01797               1
        0.01831           9.882          0.4222       0.0009597         0.01831               1
        0.01865              11          0.4469       0.0009726         0.01866               1
        0.01899           10.95          0.4783       0.0009856           0.019               1
        0.01933           10.48          0.4003       0.0009987         0.01934               1
        0.01968           10.02          0.3879        0.001012         0.01968               1
        0.02002           8.871           0.415        0.001025         0.02002               1
        0.02036           9.403          0.4352        0.001038         0.02037               1
         0.0207           8.678           0.428        0.001052         0.02071               1
        0.02104           8.042          0.3695        0.001065         0.02105               1
        0.02139            8.23          0.3764        0.001078         0.02139               1
        0.02173            8.42          0.4517        0.001092         0.02173               1
        0.02207           7.455          0.3945        0.001105         0.02208               1
        0.02241           7.816          0.4208        0.001119         0.02242               1
        0.02275           6.479          0.4155        0.001132         0.02276               1
         0.0231           7.361          0.3777        0.001146          0.0231               1
        0.02344           6.722          0.4329         0.00116         0.02344               1
        0.02378           6.389           0.367        0.001173         0.02379               1
        0.02412           6.816          0.4245        0.001187         0.02413               1
        0.02446           6.433          0.3541        0.001201         0.02447               1
        0.02481           6.846          0.3973        0.001215         0.02481               1
        0.02515           5.834          0.4261        0.001229         0.02515               1
        0.02549           5.591          0.4029        0.001242         0.02549               1
        0.02583           5.805          0.3918        0.001256         0.02584               1
        0.02617           6.082          0.3866         0.00127         0.02618               1
        0.02652           5.333          0.3659        0.001284         0.02652               1
        0.02686           5.244          0.3315        0.001298         0.02686               1
         0.0272           4.422          0.3472        0.001312          0.0272               1
        0.02754           4.523          0.3477        0.001326         0.02755               1
        0.02788           4.562          0.3088         0.00134         0.02789               1
        0.02804            4.55         0.05527        0.004752         0.02841               1
        0.02823           4.976          0.3912        0.001355         0.02823               1
        0.02857           4.934          0.3722        0.001369         0.02857               1
        0.02891           4.146          0.3137        0.001383         0.02891               1
        0.02925            4.69          0.3748        0.001397         0.02926               1
        0.02959           3.845          0.3299        0.001411          0.0296               1
        0.02994           4.026          0.3231        0.001425         0.02994               1
        0.03028           4.019          0.3759         0.00144         0.03028               1
        0.03062           3.731          0.3316        0.001454         0.03062               1
        0.03096           3.893          0.3237        0.001468         0.03097               1
         0.0313           3.534          0.3413        0.001482         0.03131               1
        0.03164           3.634           0.375        0.001497         0.03165               1
        0.03178           3.676         0.05104        0.004792         0.03211               1
        0.03199           3.303          0.3232        0.001511         0.03199               1
        0.03233           3.335          0.3208        0.001525         0.03233               1
        0.03267           4.041          0.3167         0.00154         0.03267               1
        0.03301           3.229          0.3017        0.001554         0.03302               1
        0.03335           2.775          0.2924        0.001568         0.03336               1
         0.0337           3.191          0.3309        0.001583          0.0337               1
        0.03404           3.251          0.3374        0.001597         0.03404               1
        0.03438           3.314          0.3433        0.001612         0.03438               1
        0.03472           3.009          0.2918        0.001626         0.03472               1
        0.03506           2.698          0.3139        0.001641         0.03507               1
         0.0354           3.286          0.3537        0.001655         0.03541               1
        0.03552           2.914          0.0356        0.004839         0.03581               1
        0.03575           2.796          0.3151         0.00167         0.03575               1
        0.03609           2.588           0.282        0.001684         0.03609               1
        0.03643           3.249          0.2764        0.001699         0.03643               1
        0.03677           2.667          0.2817        0.001713         0.03678               1
        0.03711           2.773          0.2906        0.001728         0.03712               1
        0.03746           2.559          0.3005        0.001742         0.03746               1
         0.0378           2.213           0.279        0.001757          0.0378               1
        0.03814           2.472          0.2968        0.001771         0.03814               1
        0.03848           3.036          0.3887        0.001786         0.03848               1
        0.03882           2.544          0.4092          0.0018         0.03883               1
        0.03916           2.213          0.4442        0.001815         0.03917               1
        0.03925           2.362         0.02577        0.004892         0.03951               1
        0.03951           2.177          0.3551         0.00183         0.03951               1
        0.03985           2.206          0.4721        0.001844         0.03985               1
        0.04019           2.221          0.4122        0.001859         0.04019               1
        0.04298           1.949         0.02036        0.004951         0.04322               1
        0.04672           1.636         0.01531        0.005016         0.04694               1
        0.05045           1.405         0.01314        0.005085         0.05065               1
        0.05418           1.206         0.01016        0.005159         0.05437               1
         0.0579           1.049        0.009967        0.005237         0.05808               1
        0.06163           0.931        0.007853        0.005319          0.0618               1
        0.06536          0.8375        0.007198        0.005405         0.06551               1
        0.06908          0.7661        0.006687        0.005495         0.06923               1
         0.0728          0.7106        0.006176        0.005588         0.07294               1
        0.07652          0.6722        0.005172        0.005685         0.07665               1
        0.08023          0.6233        0.005543        0.005784         0.08036               1
        0.08395          0.5992        0.005322        0.005887         0.08407               1
        0.08766           0.573        0.004169        0.005992         0.08778               1
        0.09137          0.5504        0.003924          0.0061         0.09148               1
        0.09508          0.5321        0.005515         0.00621         0.09518               1
        0.09878          0.5185        0.003804        0.006322         0.09888               1
         0.1025          0.5046        0.004282        0.006437          0.1026               1
         0.1062          0.4927         0.00423        0.006554          0.1063               1
         0.1099          0.4855        0.003688        0.006672            0.11               1
         0.1136          0.4747        0.004228        0.006793          0.1137               1
         0.1173          0.4735        0.003487        0.006915          0.1173               1
         0.1209           0.463        0.003751        0.007038           0.121               1
         0.1246          0.4574         0.00338        0.007164          0.1247               1
         0.1283          0.4583        0.003083         0.00729          0.1284               1
          0.132          0.4446        0.003248        0.007418          0.1321               1
         0.1357          0.4442        0.003121        0.007547          0.1357               1
         0.1393          0.4458         0.00363        0.007677          0.1394               1
          0.143           0.442        0.003482        0.007808          0.1431               1
         0.1466          0.4436        0.003435        0.007941          0.1467               1
         0.1503          0.4397        0.003496        0.008074          0.1504               1
          0.154          0.4292         0.00321        0.008208           0.154               1
         0.1576          0.4371        0.003302        0.008343          0.1577               1
         0.1612          0.4325        0.002912        0.008479          0.1613               1
         0.1649          0.4359        0.003058        0.008615          0.1649               1
         0.1685          0.4341        0.003101        0.008752          0.1686               1
         0.1721          0.4284        0.003429         0.00889          0.1722               1
         0.1758           0.427        0.002618        0.009029          0.1758               1
         0.1794          0.4288        0.003338        0.009167          0.1794               1
          0.183          0.4167        0.003104        0.009307          0.1831               1
         0.1866          0.4188        0.003199        0.009447          0.1867               1
         0.1902          0.4106        0.003171        0.009587          0.1903               1
         0.1938          0.4023        0.003145        0.009728          0.1939               1
         0.1974          0.3971        0.003215        0.009869          0.1975               1
          0.201          0.3974         0.00332         0.01001          0.2011               1
         0.2046          0.3809        0.003545         0.01015          0.2046               1
         0.2082          0.3774        0.003484         0.01029          0.2082               1
         0.2117          0.3653        0.003387         0.01044          0.2118               1
         0.2153          0.3507        0.003491         0.01058          0.2154               1
         0.2189          0.3421        0.003337         0.01072          0.2189               1
         0.2224          0.3307        0.003559         0.01086          0.2225               1
          0.226          0.3233        0.003526         0.01101           0.226               1
         0.2295          0.3188        0.003911         0.01115          0.2296               1
         0.2331          0.3081        0.003508         0.01129          0.2331               1
         0.2366          0.2994        0.003501         0.01144          0.2366               1
         0.2401          0.2863         0.00357         0.01158          0.2402               1
         0.2436          0.2767        0.003232         0.01172          0.2437               1
         0.2472          0.2674        0.003358         0.01187          0.2472               1
         0.2507          0.2512        0.003491         0.01201          0.2507               1
         0.2542          0.2455        0.003208         0.01216          0.2542               1
         0.2577           0.233        0.003491          0.0123          0.2577               1
         0.2611          0.2153        0.003162         0.01244          0.2612               1
         0.2646          0.2029        0.003134         0.01259          0.2647               1
         0.2681          0.1915        0.003025         0.01273          0.2681               1
         0.2716          0.1837        0.003008         0.01287          0.2716               1
          0.275          0.1677        0.003088         0.01302          0.2751               1
         0.2785          0.1596        0.002694         0.01316          0.2785               1
         0.2819          0.1463        0.002709         0.01331          0.2819               1
         0.2854          0.1376        0.002919         0.01345          0.2854               1
         0.2888          0.1258        0.002815         0.01359          0.2888               1
         0.2922          0.1124        0.002435         0.01373          0.2922               1
         0.2956          0.1057        0.002359         0.01388          0.2957               1
          0.299         0.09366        0.002105         0.01402          0.2991               1
         0.3024          0.0818        0.002012         0.01416          0.3025               1
         0.3058         0.07165        0.002086         0.01431          0.3059               1
         0.3092          0.0659           0.002         0.01445          0.3093               1
         0.3126         0.05794        0.002055         0.01459          0.3126               1
          0.316          0.0489        0.001732         0.01473           0.316               1
         0.3193          0.0403        0.001645         0.01487          0.3194               1
         0.3227          0.0367        0.001441         0.01502          0.3227               1
          0.326         0.03004        0.001227         0.01516          0.3261               1
         0.3294         0.02462        0.001278          0.0153          0.3294               1
         0.3327         0.02041         0.00123         0.01544          0.3327               1
          0.336         0.01918        0.001055         0.01558          0.3361               1
         0.3394         0.01699        0.001069         0.01572          0.3394               1
         0.3427         0.01573       0.0009734         0.01586          0.3427               1
          0.346         0.01555        0.001045           0.016           0.346               1
         0.3493         0.01414        0.001099         0.01614          0.3493               1
         0.3525         0.01454        0.001033         0.01628          0.3526               1
         0.3558         0.01313        0.001061         0.01642          0.3559               1
         0.3591         0.01412        0.001032         0.01656          0.3591               1
         0.3624         0.01183       0.0009859          0.0167          0.3624               1
         0.3656         0.01495        0.001041         0.01684          0.3656               1
         0.3688         0.01361       0.0009274         0.01698          0.3689               1
         0.3721         0.01306       0.0009811         0.01712          0.3721               1
         0.3753         0.01028       0.0009189         0.01725          0.3753               1
         0.3785         0.01135       0.0009116         0.01739          0.3786               1
         0.3817         0.01162       0.0008544         0.01753          0.3818               1
         0.3849          0.0102        0.000975         0.01767           0.385               1
         0.3881         0.01138        0.001068          0.0178          0.3882               1
         0.3913         0.01273        0.001146         0.01794          0.3913               1
         0.3945         0.01222        0.001109         0.01808          0.3945               1
         0.3977         0.01178        0.001236         0.01821          0.3977               1
         0.4008         0.01104        0.001282         0.01835          0.4008               1
          0.404          0.0102        0.001278         0.01848           0.404               1
         0.4071         0.01035        0.001432         0.01862          0.4071               1
