FILE CREATED: Tue, Jun 26, 2007 
NSORT-ed   Jun07079.ABS 	  +  Jun07077.ABS	  + none
normalized to   Jun07079.ABS
multiplicative factor 1-2 =   0.98138292	 multiplicative factor 2-3 =            1
The 6 columns are | Q (1/A) | I(Q) (1/cm) | std. dev. I(Q) (1/cm) | sigmaQ | meanQ | ShadowFactor|
       0.002224            4302           136.3       0.0005223        0.002283          0.9972
       0.002567            2544           76.11       0.0005246        0.002617               1
       0.002909            1617           38.46       0.0005271        0.002953               1
       0.003251            1107           20.33       0.0005304        0.003291               1
       0.003593             813           14.41       0.0005342        0.003629               1
       0.003936           609.3           8.899       0.0005386        0.003968               1
       0.004278           480.7           7.213       0.0005434        0.004308               1
        0.00462           389.7           5.572       0.0005487        0.004648               1
       0.004962           313.6           5.104       0.0005544        0.004988               1
       0.005304           253.7           4.024       0.0005605        0.005329               1
       0.005647           213.6           3.349        0.000567        0.005669               1
       0.005989           184.8            2.64       0.0005738         0.00601               1
       0.006331             159            2.55       0.0005809        0.006351               1
       0.006673             142           2.533       0.0005884        0.006692               1
       0.007015             122           1.539       0.0005962        0.007034               1
       0.007358           108.3               2       0.0006042        0.007375               1
         0.0077           95.33           1.608       0.0006126        0.007717               1
       0.008042            85.4           1.716       0.0006212        0.008058               1
       0.008384           77.06            1.57         0.00063          0.0084               1
       0.008726           69.39           1.547       0.0006391        0.008741               1
       0.009069           61.33           1.329       0.0006485        0.009083               1
       0.009411            55.7           1.231        0.000658        0.009424               1
       0.009753           52.74           1.108       0.0006678        0.009766               1
         0.0101           48.42           1.312       0.0006778         0.01011               1
        0.01044           43.18           1.044        0.000688         0.01045               1
        0.01078           41.28           1.048       0.0006983         0.01079               1
        0.01112           37.87          0.9991       0.0007088         0.01113               1
        0.01146           35.09          0.9566       0.0007196         0.01148               1
        0.01181           32.04          0.8273       0.0007304         0.01182               1
        0.01215              29          0.8326       0.0007414         0.01216               1
        0.01249           28.64          0.8633       0.0007526          0.0125               1
        0.01283            25.4          0.6866       0.0007639         0.01284               1
        0.01317           24.92          0.7373       0.0007753         0.01318               1
        0.01352           23.07          0.8089       0.0007869         0.01353               1
        0.01386           21.29          0.7186       0.0007986         0.01387               1
         0.0142           20.08          0.6539       0.0008104         0.01421               1
        0.01454           18.45          0.6201       0.0008223         0.01455               1
        0.01489           19.23          0.5334       0.0008344         0.01489               1
        0.01523           17.47          0.6049       0.0008465         0.01524               1
        0.01557           16.64          0.5697       0.0008587         0.01558               1
        0.01591           15.89          0.6071       0.0008711         0.01592               1
        0.01625           15.11          0.5346       0.0008835         0.01626               1
         0.0166           14.69          0.5422        0.000896          0.0166               1
        0.01694           13.55          0.4983       0.0009086         0.01695               1
        0.01728           12.09          0.4628       0.0009212         0.01729               1
        0.01762           12.05           0.527        0.000934         0.01763               1
        0.01796           11.65          0.4588       0.0009468         0.01797               1
        0.01831           11.23          0.4279       0.0009597         0.01831               1
        0.01865           10.77          0.3777       0.0009726         0.01866               1
        0.01899           10.41          0.4237       0.0009856           0.019               1
        0.01933           10.35            0.41       0.0009987         0.01934               1
        0.01968           9.999           0.377        0.001012         0.01968               1
        0.02002           9.276          0.4092        0.001025         0.02002               1
        0.02036           9.813          0.4039        0.001038         0.02037               1
         0.0207           8.493          0.4222        0.001052         0.02071               1
        0.02104           9.094          0.3838        0.001065         0.02105               1
        0.02139           8.003           0.397        0.001078         0.02139               1
        0.02173           7.979          0.3917        0.001092         0.02173               1
        0.02207           7.562          0.4022        0.001105         0.02208               1
        0.02241           7.383          0.4244        0.001119         0.02242               1
        0.02275           6.587          0.3854        0.001132         0.02276               1
         0.0231           6.686          0.4138        0.001146          0.0231               1
        0.02344            6.12          0.4175         0.00116         0.02344               1
        0.02378           6.658          0.4089        0.001173         0.02379               1
        0.02412            6.51          0.3945        0.001187         0.02413               1
        0.02446           6.757          0.4191        0.001201         0.02447               1
        0.02481           6.621          0.3607        0.001215         0.02481               1
        0.02515           5.625          0.3654        0.001229         0.02515               1
        0.02549           5.668          0.3666        0.001242         0.02549               1
        0.02583           5.818           0.389        0.001256         0.02584               1
        0.02617           5.676          0.3628         0.00127         0.02618               1
        0.02652           5.037          0.3591        0.001284         0.02652               1
        0.02686           4.946          0.3308        0.001298         0.02686               1
         0.0272            5.06          0.3411        0.001312          0.0272               1
        0.02754           4.817          0.3852        0.001326         0.02755               1
        0.02788           4.742          0.3828         0.00134         0.02789               1
        0.02804           4.432         0.05449        0.004752         0.02841               1
        0.02823            5.02          0.3691        0.001355         0.02823               1
        0.02857           4.254          0.3433        0.001369         0.02857               1
        0.02891           4.268          0.3289        0.001383         0.02891               1
        0.02925           4.557          0.3477        0.001397         0.02926               1
        0.02959           4.504          0.3711        0.001411          0.0296               1
        0.02994           4.182          0.3032        0.001425         0.02994               1
        0.03028           4.066          0.3028         0.00144         0.03028               1
        0.03062           4.548          0.3376        0.001454         0.03062               1
        0.03096           4.247          0.3262        0.001468         0.03097               1
         0.0313            3.53          0.2916        0.001482         0.03131               1
        0.03164            3.65          0.3177        0.001497         0.03165               1
        0.03178           3.554         0.04886        0.004792         0.03211               1
        0.03199            3.51          0.3717        0.001511         0.03199               1
        0.03233           4.063          0.3148        0.001525         0.03233               1
        0.03267           3.563          0.3207         0.00154         0.03267               1
        0.03301           3.386          0.2989        0.001554         0.03302               1
        0.03335           3.549          0.3217        0.001568         0.03336               1
         0.0337           3.155          0.3125        0.001583          0.0337               1
        0.03404           3.551          0.3489        0.001597         0.03404               1
        0.03438           2.664           0.347        0.001612         0.03438               1
        0.03472            3.55          0.3275        0.001626         0.03472               1
        0.03506           2.981          0.3088        0.001641         0.03507               1
         0.0354           2.722          0.2701        0.001655         0.03541               1
        0.03552           2.831         0.03628        0.004839         0.03581               1
        0.03575           3.435           0.338         0.00167         0.03575               1
        0.03609           2.964          0.2953        0.001684         0.03609               1
        0.03643           2.849          0.2553        0.001699         0.03643               1
        0.03677            2.95            0.26        0.001713         0.03678               1
        0.03711            3.03          0.2735        0.001728         0.03712               1
        0.03746           2.833           0.286        0.001742         0.03746               1
         0.0378           2.745           0.283        0.001757          0.0378               1
        0.03814           2.727          0.3613        0.001771         0.03814               1
        0.03848           2.279          0.3229        0.001786         0.03848               1
        0.03882           2.507          0.2987          0.0018         0.03883               1
        0.03916           2.169          0.3859        0.001815         0.03917               1
        0.03925           2.268         0.02529        0.004892         0.03951               1
        0.03951           2.578          0.3327         0.00183         0.03951               1
        0.03985           2.517          0.4267        0.001844         0.03985               1
        0.04019           2.112          0.3703        0.001859         0.04019               1
        0.04298           1.881         0.01876        0.004951         0.04322               1
        0.04672           1.578          0.0157        0.005016         0.04694               1
        0.05045           1.326          0.0135        0.005085         0.05065               1
        0.05418           1.152          0.0104        0.005159         0.05437               1
         0.0579           1.019        0.009521        0.005237         0.05808               1
        0.06163          0.8961        0.007662        0.005319          0.0618               1
        0.06536          0.8117        0.007043        0.005405         0.06551               1
        0.06908          0.7537        0.006274        0.005495         0.06923               1
         0.0728          0.7017        0.005977        0.005588         0.07294               1
        0.07652          0.6522        0.005379        0.005685         0.07665               1
        0.08023           0.619        0.005204        0.005784         0.08036               1
        0.08395          0.5727        0.005187        0.005887         0.08407               1
        0.08766          0.5535        0.004103        0.005992         0.08778               1
        0.09137          0.5309        0.004346          0.0061         0.09148               1
        0.09508          0.5099        0.004682         0.00621         0.09518               1
        0.09878           0.501        0.004127        0.006322         0.09888               1
         0.1025          0.4945        0.003853        0.006437          0.1026               1
         0.1062          0.4793        0.004022        0.006554          0.1063               1
         0.1099          0.4651        0.004203        0.006672            0.11               1
         0.1136          0.4616        0.003482        0.006793          0.1137               1
         0.1173           0.454        0.003476        0.006915          0.1173               1
         0.1209          0.4503        0.003921        0.007038           0.121               1
         0.1246          0.4417         0.00382        0.007164          0.1247               1
         0.1283          0.4436        0.003145         0.00729          0.1284               1
          0.132          0.4331        0.003603        0.007418          0.1321               1
         0.1357          0.4352        0.003247        0.007547          0.1357               1
         0.1393          0.4338        0.003324        0.007677          0.1394               1
          0.143          0.4296        0.003434        0.007808          0.1431               1
         0.1466          0.4269        0.003114        0.007941          0.1467               1
         0.1503          0.4233        0.003152        0.008074          0.1504               1
          0.154          0.4209        0.003484        0.008208           0.154               1
         0.1576          0.4286        0.003097        0.008343          0.1577               1
         0.1612          0.4231        0.003303        0.008479          0.1613               1
         0.1649          0.4171        0.003136        0.008615          0.1649               1
         0.1685          0.4152        0.003276        0.008752          0.1686               1
         0.1721           0.415        0.003204         0.00889          0.1722               1
         0.1758          0.4092        0.002953        0.009029          0.1758               1
         0.1794          0.4085        0.003214        0.009167          0.1794               1
          0.183          0.4117        0.003091        0.009307          0.1831               1
         0.1866          0.4028        0.003233        0.009447          0.1867               1
         0.1902          0.3933        0.003204        0.009587          0.1903               1
         0.1938          0.3981        0.003261        0.009728          0.1939               1
         0.1974           0.385        0.003249        0.009869          0.1975               1
          0.201          0.3784        0.003207         0.01001          0.2011               1
         0.2046          0.3758        0.003021         0.01015          0.2046               1
         0.2082          0.3655        0.003562         0.01029          0.2082               1
         0.2117          0.3531        0.003472         0.01044          0.2118               1
         0.2153          0.3417        0.003598         0.01058          0.2154               1
         0.2189          0.3362        0.003577         0.01072          0.2189               1
         0.2224          0.3229        0.003168         0.01086          0.2225               1
          0.226          0.3095        0.003576         0.01101           0.226               1
         0.2295          0.3111        0.003714         0.01115          0.2296               1
         0.2331          0.3005        0.003169         0.01129          0.2331               1
         0.2366          0.2912        0.003295         0.01144          0.2366               1
         0.2401          0.2766        0.003383         0.01158          0.2402               1
         0.2436          0.2668          0.0035         0.01172          0.2437               1
         0.2472          0.2542        0.003448         0.01187          0.2472               1
         0.2507          0.2427        0.003652         0.01201          0.2507               1
         0.2542          0.2267        0.003325         0.01216          0.2542               1
         0.2577          0.2194        0.003307          0.0123          0.2577               1
         0.2611          0.2115        0.003172         0.01244          0.2612               1
         0.2646          0.2025         0.00336         0.01259          0.2647               1
         0.2681          0.1836        0.002765         0.01273          0.2681               1
         0.2716          0.1784        0.003031         0.01287          0.2716               1
          0.275          0.1626        0.003057         0.01302          0.2751               1
         0.2785          0.1508        0.002886         0.01316          0.2785               1
         0.2819          0.1407        0.002529         0.01331          0.2819               1
         0.2854          0.1307         0.00237         0.01345          0.2854               1
         0.2888          0.1222        0.002538         0.01359          0.2888               1
         0.2922          0.1097        0.002379         0.01373          0.2922               1
         0.2956         0.09843        0.002328         0.01388          0.2957               1
          0.299         0.09191        0.002211         0.01402          0.2991               1
         0.3024         0.08241        0.002259         0.01416          0.3025               1
         0.3058         0.07127        0.002169         0.01431          0.3059               1
         0.3092         0.06247        0.002033         0.01445          0.3093               1
         0.3126         0.05446         0.00166         0.01459          0.3126               1
          0.316         0.04927        0.001772         0.01473           0.316               1
         0.3193         0.04294         0.00166         0.01487          0.3194               1
         0.3227         0.03638        0.001446         0.01502          0.3227               1
          0.326         0.03163        0.001375         0.01516          0.3261               1
         0.3294         0.02634        0.001156          0.0153          0.3294               1
         0.3327          0.0235        0.001068         0.01544          0.3327               1
          0.336         0.01927        0.001143         0.01558          0.3361               1
         0.3394          0.0188        0.001171         0.01572          0.3394               1
         0.3427         0.01562       0.0009564         0.01586          0.3427               1
          0.346         0.01344        0.001046           0.016           0.346               1
         0.3493         0.01297       0.0008606         0.01614          0.3493               1
         0.3525         0.01482       0.0009351         0.01628          0.3526               1
         0.3558         0.01343        0.000973         0.01642          0.3559               1
         0.3591         0.01459        0.001102         0.01656          0.3591               1
         0.3624         0.01179       0.0009303          0.0167          0.3624               1
         0.3656         0.01212       0.0009833         0.01684          0.3656               1
         0.3688         0.01458       0.0009316         0.01698          0.3689               1
         0.3721         0.01241        0.001075         0.01712          0.3721               1
         0.3753         0.01156       0.0009373         0.01725          0.3753               1
         0.3785         0.01319       0.0009971         0.01739          0.3786               1
         0.3817         0.01203       0.0009715         0.01753          0.3818               1
         0.3849         0.01137       0.0009312         0.01767           0.385               1
         0.3881         0.01031       0.0009156          0.0178          0.3882               1
         0.3913          0.0102        0.001003         0.01794          0.3913               1
         0.3945          0.0114         0.00113         0.01808          0.3945               1
         0.3977         0.01088        0.001356         0.01821          0.3977               1
         0.4008         0.01225        0.001347         0.01835          0.4008               1
          0.404         0.01247         0.00167         0.01848           0.404               1
         0.4071        0.009239        0.001517         0.01862          0.4071               1
