FILE CREATED: Tue, Jun 26, 2007 
NSORT-ed   Jun07085.ABS 	  +  Jun07083.ABS	  + none
normalized to   Jun07085.ABS
multiplicative factor 1-2 =   0.98138292	 multiplicative factor 2-3 =            1
The 6 columns are | Q (1/A) | I(Q) (1/cm) | std. dev. I(Q) (1/cm) | sigmaQ | meanQ | ShadowFactor|
       0.002224            3598           116.8       0.0005223        0.002283          0.9972
       0.002567            2134           62.82       0.0005246        0.002617               1
       0.002909            1366           32.34       0.0005271        0.002953               1
       0.003251             938           17.64       0.0005304        0.003291               1
       0.003593           688.1           10.71       0.0005342        0.003629               1
       0.003936           524.9           8.635       0.0005386        0.003968               1
       0.004278             400           6.462       0.0005434        0.004308               1
        0.00462           319.6           4.748       0.0005487        0.004648               1
       0.004962           260.2           4.022       0.0005544        0.004988               1
       0.005304           210.4            3.61       0.0005605        0.005329               1
       0.005647           177.8           3.375        0.000567        0.005669               1
       0.005989           149.6           2.853       0.0005738         0.00601               1
       0.006331           131.8           2.248       0.0005809        0.006351               1
       0.006673           115.6           2.217       0.0005884        0.006692               1
       0.007015           99.97           1.627       0.0005962        0.007034               1
       0.007358           88.35           1.874       0.0006042        0.007375               1
         0.0077           79.37           1.555       0.0006126        0.007717               1
       0.008042           72.96           1.421       0.0006212        0.008058               1
       0.008384            61.7           1.498         0.00063          0.0084               1
       0.008726           60.08           1.296       0.0006391        0.008741               1
       0.009069           50.39           1.151       0.0006485        0.009083               1
       0.009411           45.23           1.101        0.000658        0.009424               1
       0.009753           41.43           1.105       0.0006678        0.009766               1
         0.0101           36.88          0.9914       0.0006778         0.01011               1
        0.01044           33.99           1.011        0.000688         0.01045               1
        0.01078           31.58          0.9924       0.0006983         0.01079               1
        0.01112           27.42          0.7939       0.0007088         0.01113               1
        0.01146           27.37          0.8056       0.0007196         0.01148               1
        0.01181            25.3          0.7284       0.0007304         0.01182               1
        0.01215           22.85          0.8155       0.0007414         0.01216               1
        0.01249           21.45            0.69       0.0007526          0.0125               1
        0.01283           20.18          0.6788       0.0007639         0.01284               1
        0.01317           16.85          0.6549       0.0007753         0.01318               1
        0.01352           16.62          0.6442       0.0007869         0.01353               1
        0.01386           16.18          0.5776       0.0007986         0.01387               1
         0.0142           15.35          0.5479       0.0008104         0.01421               1
        0.01454           14.33          0.5624       0.0008223         0.01455               1
        0.01489           14.11           0.489       0.0008344         0.01489               1
        0.01523              12          0.4701       0.0008465         0.01524               1
        0.01557           11.27          0.4591       0.0008587         0.01558               1
        0.01591           10.86           0.458       0.0008711         0.01592               1
        0.01625           10.42          0.4142       0.0008835         0.01626               1
         0.0166           10.05          0.4793        0.000896          0.0166               1
        0.01694           9.826          0.4257       0.0009086         0.01695               1
        0.01728           8.873          0.3704       0.0009212         0.01729               1
        0.01762           8.177           0.413        0.000934         0.01763               1
        0.01796           8.778           0.424       0.0009468         0.01797               1
        0.01831           7.952          0.4066       0.0009597         0.01831               1
        0.01865           7.577          0.3532       0.0009726         0.01866               1
        0.01899           7.746           0.376       0.0009856           0.019               1
        0.01933           6.458          0.3726       0.0009987         0.01934               1
        0.01968           6.499            0.33        0.001012         0.01968               1
        0.02002           6.289          0.3377        0.001025         0.02002               1
        0.02036           5.864            0.34        0.001038         0.02037               1
         0.0207           5.706          0.3565        0.001052         0.02071               1
        0.02104           6.429          0.3514        0.001065         0.02105               1
        0.02139           5.995          0.3474        0.001078         0.02139               1
        0.02173           5.483          0.3273        0.001092         0.02173               1
        0.02207           4.915          0.3437        0.001105         0.02208               1
        0.02241           5.341          0.3885        0.001119         0.02242               1
        0.02275           4.255          0.3532        0.001132         0.02276               1
         0.0231            4.33          0.3315        0.001146          0.0231               1
        0.02344           4.105          0.3047         0.00116         0.02344               1
        0.02378           4.552           0.388        0.001173         0.02379               1
        0.02412           4.433          0.3269        0.001187         0.02413               1
        0.02446           3.883          0.3181        0.001201         0.02447               1
        0.02481           4.525          0.3097        0.001215         0.02481               1
        0.02515           3.699          0.3438        0.001229         0.02515               1
        0.02549           3.399          0.2949        0.001242         0.02549               1
        0.02583           3.361          0.3096        0.001256         0.02584               1
        0.02617           3.683          0.3177         0.00127         0.02618               1
        0.02652           3.447          0.3016        0.001284         0.02652               1
        0.02686           3.292          0.2951        0.001298         0.02686               1
         0.0272           3.007          0.3078        0.001312          0.0272               1
        0.02754           3.077          0.3304        0.001326         0.02755               1
        0.02788           3.329          0.3162         0.00134         0.02789               1
        0.02804           2.811         0.03689        0.004752         0.02841               1
        0.02823           2.664          0.3282        0.001355         0.02823               1
        0.02857           2.469          0.2761        0.001369         0.02857               1
        0.02891           2.741          0.2584        0.001383         0.02891               1
        0.02925           2.307          0.2746        0.001397         0.02926               1
        0.02959           2.079          0.2608        0.001411          0.0296               1
        0.02994           2.887          0.2748        0.001425         0.02994               1
        0.03028           2.324          0.2724         0.00144         0.03028               1
        0.03062           2.329          0.2378        0.001454         0.03062               1
        0.03096           2.778          0.2969        0.001468         0.03097               1
         0.0313           2.378          0.2729        0.001482         0.03131               1
        0.03164           2.097          0.2497        0.001497         0.03165               1
        0.03178           2.224         0.03232        0.004792         0.03211               1
        0.03199           1.817          0.2601        0.001511         0.03199               1
        0.03233            2.42          0.2719        0.001525         0.03233               1
        0.03267            2.02          0.2799         0.00154         0.03267               1
        0.03301           2.459          0.2736        0.001554         0.03302               1
        0.03335           2.597          0.3128        0.001568         0.03336               1
         0.0337            2.05          0.3032        0.001583          0.0337               1
        0.03404           1.672          0.2492        0.001597         0.03404               1
        0.03438           1.697          0.2753        0.001612         0.03438               1
        0.03472           2.147          0.2604        0.001626         0.03472               1
        0.03506           1.957          0.2548        0.001641         0.03507               1
         0.0354           1.565          0.2493        0.001655         0.03541               1
        0.03552           1.766          0.0232        0.004839         0.03581               1
        0.03575           1.703          0.2587         0.00167         0.03575               1
        0.03609           1.552          0.2376        0.001684         0.03609               1
        0.03643           1.808          0.2245        0.001699         0.03643               1
        0.03677           1.767          0.2482        0.001713         0.03678               1
        0.03711            1.62          0.2202        0.001728         0.03712               1
        0.03746           1.426          0.2599        0.001742         0.03746               1
         0.0378           1.238          0.2381        0.001757          0.0378               1
        0.03814           1.577          0.2455        0.001771         0.03814               1
        0.03848            1.69          0.2809        0.001786         0.03848               1
        0.03882           1.339          0.2894          0.0018         0.03883               1
        0.03916           1.506          0.3041        0.001815         0.03917               1
        0.03925           1.438         0.01542        0.004892         0.03951               1
        0.03951           1.879          0.3453         0.00183         0.03951               1
        0.03985           2.006          0.4405        0.001844         0.03985               1
        0.04019           1.558          0.4308        0.001859         0.04019               1
        0.04298           1.208         0.01184        0.004951         0.04322               1
        0.04672           1.057        0.009324        0.005016         0.04694               1
        0.05045          0.9234        0.009253        0.005085         0.05065               1
        0.05418          0.8171        0.007712        0.005159         0.05437               1
         0.0579          0.7497         0.00742        0.005237         0.05808               1
        0.06163          0.6824        0.005883        0.005319          0.0618               1
        0.06536          0.6423        0.005177        0.005405         0.06551               1
        0.06908          0.6069        0.005403        0.005495         0.06923               1
         0.0728          0.5836        0.005087        0.005588         0.07294               1
        0.07652           0.556        0.004159        0.005685         0.07665               1
        0.08023          0.5322        0.004563        0.005784         0.08036               1
        0.08395           0.521        0.004506        0.005887         0.08407               1
        0.08766          0.5041        0.004694        0.005992         0.08778               1
        0.09137          0.4941         0.00431          0.0061         0.09148               1
        0.09508          0.4861         0.00463         0.00621         0.09518               1
        0.09878          0.4736        0.004264        0.006322         0.09888               1
         0.1025          0.4688        0.003986        0.006437          0.1026               1
         0.1062          0.4571        0.003398        0.006554          0.1063               1
         0.1099          0.4543        0.003727        0.006672            0.11               1
         0.1136          0.4461        0.003803        0.006793          0.1137               1
         0.1173          0.4466        0.003283        0.006915          0.1173               1
         0.1209          0.4389        0.003444        0.007038           0.121               1
         0.1246          0.4446        0.003533        0.007164          0.1247               1
         0.1283          0.4401        0.002961         0.00729          0.1284               1
          0.132          0.4387        0.003542        0.007418          0.1321               1
         0.1357          0.4348        0.003601        0.007547          0.1357               1
         0.1393          0.4335        0.003597        0.007677          0.1394               1
          0.143          0.4319        0.003266        0.007808          0.1431               1
         0.1466          0.4262        0.002875        0.007941          0.1467               1
         0.1503          0.4235        0.003055        0.008074          0.1504               1
          0.154          0.4171        0.002973        0.008208           0.154               1
         0.1576           0.427        0.003327        0.008343          0.1577               1
         0.1612          0.4229        0.003089        0.008479          0.1613               1
         0.1649           0.421        0.002924        0.008615          0.1649               1
         0.1685          0.4195        0.002904        0.008752          0.1686               1
         0.1721          0.4179        0.002971         0.00889          0.1722               1
         0.1758          0.4165        0.003302        0.009029          0.1758               1
         0.1794          0.4111        0.002993        0.009167          0.1794               1
          0.183          0.4109        0.002827        0.009307          0.1831               1
         0.1866          0.4051        0.003131        0.009447          0.1867               1
         0.1902          0.4036        0.002992        0.009587          0.1903               1
         0.1938           0.398        0.003441        0.009728          0.1939               1
         0.1974           0.388        0.003386        0.009869          0.1975               1
          0.201          0.3831        0.003279         0.01001          0.2011               1
         0.2046          0.3724        0.003294         0.01015          0.2046               1
         0.2082          0.3667        0.003612         0.01029          0.2082               1
         0.2117          0.3579        0.003263         0.01044          0.2118               1
         0.2153           0.343        0.003566         0.01058          0.2154               1
         0.2189          0.3349        0.003361         0.01072          0.2189               1
         0.2224          0.3255        0.003352         0.01086          0.2225               1
          0.226          0.3189        0.003522         0.01101           0.226               1
         0.2295           0.315        0.003686         0.01115          0.2296               1
         0.2331          0.3017        0.003433         0.01129          0.2331               1
         0.2366          0.2899        0.003614         0.01144          0.2366               1
         0.2401           0.275        0.003857         0.01158          0.2402               1
         0.2436          0.2679        0.003538         0.01172          0.2437               1
         0.2472           0.261        0.003327         0.01187          0.2472               1
         0.2507          0.2457         0.00363         0.01201          0.2507               1
         0.2542          0.2356        0.003544         0.01216          0.2542               1
         0.2577          0.2231        0.003456          0.0123          0.2577               1
         0.2611          0.2127        0.002942         0.01244          0.2612               1
         0.2646          0.2001        0.003216         0.01259          0.2647               1
         0.2681          0.1898        0.003144         0.01273          0.2681               1
         0.2716          0.1803        0.002907         0.01287          0.2716               1
          0.275          0.1634        0.002774         0.01302          0.2751               1
         0.2785          0.1516        0.002848         0.01316          0.2785               1
         0.2819          0.1415        0.002666         0.01331          0.2819               1
         0.2854          0.1323        0.002718         0.01345          0.2854               1
         0.2888          0.1251        0.002509         0.01359          0.2888               1
         0.2922          0.1109        0.002472         0.01373          0.2922               1
         0.2956          0.1047        0.002681         0.01388          0.2957               1
          0.299         0.09126        0.002038         0.01402          0.2991               1
         0.3024         0.08129        0.002007         0.01416          0.3025               1
         0.3058         0.07279        0.001931         0.01431          0.3059               1
         0.3092         0.06403        0.001619         0.01445          0.3093               1
         0.3126         0.05736        0.001745         0.01459          0.3126               1
          0.316         0.04894        0.001879         0.01473           0.316               1
         0.3193         0.04093         0.00172         0.01487          0.3194               1
         0.3227         0.03725        0.001507         0.01502          0.3227               1
          0.326         0.03003        0.001214         0.01516          0.3261               1
         0.3294         0.02531        0.001274          0.0153          0.3294               1
         0.3327         0.02065         0.00112         0.01544          0.3327               1
          0.336         0.01886        0.001161         0.01558          0.3361               1
         0.3394         0.01657        0.001142         0.01572          0.3394               1
         0.3427          0.0158       0.0009544         0.01586          0.3427               1
          0.346         0.01381        0.001021           0.016           0.346               1
         0.3493         0.01433        0.001002         0.01614          0.3493               1
         0.3525         0.01314       0.0009058         0.01628          0.3526               1
         0.3558         0.01431       0.0009961         0.01642          0.3559               1
         0.3591         0.01282       0.0009115         0.01656          0.3591               1
         0.3624         0.01067       0.0009312          0.0167          0.3624               1
         0.3656         0.01248       0.0008738         0.01684          0.3656               1
         0.3688         0.01161        0.001025         0.01698          0.3689               1
         0.3721         0.01355       0.0009316         0.01712          0.3721               1
         0.3753         0.01198       0.0008924         0.01725          0.3753               1
         0.3785          0.0123        0.001054         0.01739          0.3786               1
         0.3817         0.01151       0.0009525         0.01753          0.3818               1
         0.3849         0.01076       0.0009536         0.01767           0.385               1
         0.3881         0.01369       0.0009691          0.0178          0.3882               1
         0.3913         0.01232        0.001104         0.01794          0.3913               1
         0.3945         0.01155        0.001438         0.01808          0.3945               1
         0.3977        0.009883        0.001227         0.01821          0.3977               1
         0.4008         0.01222        0.001463         0.01835          0.4008               1
          0.404         0.01162        0.001279         0.01848           0.404               1
         0.4071        0.007318        0.001449         0.01862          0.4071               1
