FILE CREATED: Tue, Jun 26, 2007 
NSORT-ed   Jun07080.ABS 	  +  Jun07082.ABS	  + none
normalized to   Jun07080.ABS
multiplicative factor 1-2 =   0.98138292	 multiplicative factor 2-3 =            1
The 6 columns are | Q (1/A) | I(Q) (1/cm) | std. dev. I(Q) (1/cm) | sigmaQ | meanQ | ShadowFactor|
       0.002224            4263           139.6       0.0005223        0.002283          0.9972
       0.002567            2554           73.49       0.0005246        0.002617               1
       0.002909            1638           38.33       0.0005271        0.002953               1
       0.003251            1120            21.6       0.0005304        0.003291               1
       0.003593           812.2           13.02       0.0005342        0.003629               1
       0.003936             610           9.872       0.0005386        0.003968               1
       0.004278           475.8           7.552       0.0005434        0.004308               1
        0.00462           377.7           5.667       0.0005487        0.004648               1
       0.004962             309           4.777       0.0005544        0.004988               1
       0.005304           251.3           4.052       0.0005605        0.005329               1
       0.005647           211.3           3.396        0.000567        0.005669               1
       0.005989             183           2.893       0.0005738         0.00601               1
       0.006331           157.8           2.614       0.0005809        0.006351               1
       0.006673             138           2.498       0.0005884        0.006692               1
       0.007015           119.7            1.95       0.0005962        0.007034               1
       0.007358           106.9           2.024       0.0006042        0.007375               1
         0.0077           97.15           1.865       0.0006126        0.007717               1
       0.008042           86.05             1.6       0.0006212        0.008058               1
       0.008384           75.53           1.351         0.00063          0.0084               1
       0.008726           68.07           1.323       0.0006391        0.008741               1
       0.009069           62.29           1.172       0.0006485        0.009083               1
       0.009411           55.01           1.102        0.000658        0.009424               1
       0.009753            52.8           1.049       0.0006678        0.009766               1
         0.0101           46.51           1.243       0.0006778         0.01011               1
        0.01044           42.83           1.064        0.000688         0.01045               1
        0.01078           40.34          0.9863       0.0006983         0.01079               1
        0.01112           37.04           1.053       0.0007088         0.01113               1
        0.01146           33.01          0.8803       0.0007196         0.01148               1
        0.01181           31.62          0.8925       0.0007304         0.01182               1
        0.01215           29.44           0.803       0.0007414         0.01216               1
        0.01249           27.07          0.8331       0.0007526          0.0125               1
        0.01283            26.2          0.7586       0.0007639         0.01284               1
        0.01317           24.32           0.736       0.0007753         0.01318               1
        0.01352           23.05          0.7088       0.0007869         0.01353               1
        0.01386           19.57          0.7251       0.0007986         0.01387               1
         0.0142           19.36          0.6391       0.0008104         0.01421               1
        0.01454            19.5          0.6445       0.0008223         0.01455               1
        0.01489           18.35          0.6036       0.0008344         0.01489               1
        0.01523           17.07          0.5782       0.0008465         0.01524               1
        0.01557           16.46           0.576       0.0008587         0.01558               1
        0.01591           15.38          0.5726       0.0008711         0.01592               1
        0.01625           14.38          0.5823       0.0008835         0.01626               1
         0.0166           13.92          0.5779        0.000896          0.0166               1
        0.01694           13.84          0.5157       0.0009086         0.01695               1
        0.01728           12.89          0.4495       0.0009212         0.01729               1
        0.01762           12.28          0.5144        0.000934         0.01763               1
        0.01796           11.49          0.4849       0.0009468         0.01797               1
        0.01831           11.19          0.4694       0.0009597         0.01831               1
        0.01865           11.38          0.4308       0.0009726         0.01866               1
        0.01899           10.34          0.4062       0.0009856           0.019               1
        0.01933           9.925           0.379       0.0009987         0.01934               1
        0.01968           9.735          0.4173        0.001012         0.01968               1
        0.02002            9.04          0.3863        0.001025         0.02002               1
        0.02036           9.138          0.3782        0.001038         0.02037               1
         0.0207           8.643          0.4062        0.001052         0.02071               1
        0.02104           8.124           0.387        0.001065         0.02105               1
        0.02139           6.916           0.366        0.001078         0.02139               1
        0.02173            7.74          0.4154        0.001092         0.02173               1
        0.02207           7.383           0.384        0.001105         0.02208               1
        0.02241            6.39          0.4024        0.001119         0.02242               1
        0.02275           7.326          0.3746        0.001132         0.02276               1
         0.0231           6.947          0.3757        0.001146          0.0231               1
        0.02344           7.066          0.3974         0.00116         0.02344               1
        0.02378           6.196          0.3576        0.001173         0.02379               1
        0.02412           6.039          0.3935        0.001187         0.02413               1
        0.02446            6.27          0.4248        0.001201         0.02447               1
        0.02481           5.723           0.431        0.001215         0.02481               1
        0.02515           5.488          0.4093        0.001229         0.02515               1
        0.02549           5.096          0.3504        0.001242         0.02549               1
        0.02583           6.013          0.4191        0.001256         0.02584               1
        0.02617            4.62          0.3048         0.00127         0.02618               1
        0.02652           5.081          0.3615        0.001284         0.02652               1
        0.02686           5.113          0.3485        0.001298         0.02686               1
         0.0272           4.926          0.3997        0.001312          0.0272               1
        0.02754           4.678          0.3675        0.001326         0.02755               1
        0.02788             4.7          0.3967         0.00134         0.02789               1
        0.02804           4.272          0.0521        0.004752         0.02841               1
        0.02823           4.301          0.3611        0.001355         0.02823               1
        0.02857           4.876          0.3706        0.001369         0.02857               1
        0.02891           4.746          0.3396        0.001383         0.02891               1
        0.02925           4.462          0.3299        0.001397         0.02926               1
        0.02959           3.994          0.3421        0.001411          0.0296               1
        0.02994            3.39          0.2824        0.001425         0.02994               1
        0.03028           3.666          0.3124         0.00144         0.03028               1
        0.03062           3.654          0.3055        0.001454         0.03062               1
        0.03096           4.148          0.3072        0.001468         0.03097               1
         0.0313           3.219          0.3192        0.001482         0.03131               1
        0.03164           4.264          0.3324        0.001497         0.03165               1
        0.03178           3.432         0.04784        0.004792         0.03211               1
        0.03199           3.996          0.3721        0.001511         0.03199               1
        0.03233           3.035          0.2726        0.001525         0.03233               1
        0.03267           3.292           0.291         0.00154         0.03267               1
        0.03301           3.462          0.3273        0.001554         0.03302               1
        0.03335           2.847          0.2883        0.001568         0.03336               1
         0.0337           2.746          0.3506        0.001583          0.0337               1
        0.03404           3.284          0.3026        0.001597         0.03404               1
        0.03438           2.922          0.3137        0.001612         0.03438               1
        0.03472           2.877          0.2671        0.001626         0.03472               1
        0.03506           3.042          0.3145        0.001641         0.03507               1
         0.0354           2.666          0.2739        0.001655         0.03541               1
        0.03552           2.737         0.03418        0.004839         0.03581               1
        0.03575           2.728           0.282         0.00167         0.03575               1
        0.03609           2.769          0.2825        0.001684         0.03609               1
        0.03643           3.025          0.2858        0.001699         0.03643               1
        0.03677            2.88          0.2646        0.001713         0.03678               1
        0.03711           2.991          0.3148        0.001728         0.03712               1
        0.03746           2.431          0.3255        0.001742         0.03746               1
         0.0378           2.697          0.2994        0.001757          0.0378               1
        0.03814           2.053          0.3182        0.001771         0.03814               1
        0.03848           2.704          0.3612        0.001786         0.03848               1
        0.03882           2.613            0.37          0.0018         0.03883               1
        0.03916           2.659          0.3913        0.001815         0.03917               1
        0.03925           2.212         0.02509        0.004892         0.03951               1
        0.03951             2.1          0.3908         0.00183         0.03951               1
        0.03985           2.244          0.3916        0.001844         0.03985               1
        0.04019           2.926          0.5231        0.001859         0.04019               1
        0.04298           1.807         0.01963        0.004951         0.04322               1
        0.04672            1.52         0.01481        0.005016         0.04694               1
        0.05045           1.294         0.01287        0.005085         0.05065               1
        0.05418           1.124         0.01104        0.005159         0.05437               1
         0.0579          0.9892        0.009259        0.005237         0.05808               1
        0.06163          0.8809        0.008221        0.005319          0.0618               1
        0.06536          0.8059        0.006738        0.005405         0.06551               1
        0.06908            0.74        0.006869        0.005495         0.06923               1
         0.0728           0.693        0.006038        0.005588         0.07294               1
        0.07652          0.6472        0.004912        0.005685         0.07665               1
        0.08023          0.6063        0.004555        0.005784         0.08036               1
        0.08395          0.5723        0.004756        0.005887         0.08407               1
        0.08766          0.5554        0.004865        0.005992         0.08778               1
        0.09137           0.532        0.004839          0.0061         0.09148               1
        0.09508          0.5203        0.003964         0.00621         0.09518               1
        0.09878          0.5002        0.003609        0.006322         0.09888               1
         0.1025          0.4876        0.003836        0.006437          0.1026               1
         0.1062           0.471         0.00409        0.006554          0.1063               1
         0.1099          0.4753        0.003879        0.006672            0.11               1
         0.1136          0.4608        0.003697        0.006793          0.1137               1
         0.1173          0.4648        0.003773        0.006915          0.1173               1
         0.1209          0.4446        0.003612        0.007038           0.121               1
         0.1246          0.4399        0.003783        0.007164          0.1247               1
         0.1283          0.4464        0.003523         0.00729          0.1284               1
          0.132          0.4405        0.003825        0.007418          0.1321               1
         0.1357          0.4357        0.003564        0.007547          0.1357               1
         0.1393          0.4336        0.003379        0.007677          0.1394               1
          0.143          0.4318        0.003222        0.007808          0.1431               1
         0.1466          0.4255        0.003429        0.007941          0.1467               1
         0.1503          0.4258        0.003371        0.008074          0.1504               1
          0.154          0.4225        0.003234        0.008208           0.154               1
         0.1576           0.423        0.003391        0.008343          0.1577               1
         0.1612          0.4153        0.003208        0.008479          0.1613               1
         0.1649          0.4176        0.003031        0.008615          0.1649               1
         0.1685          0.4152        0.003142        0.008752          0.1686               1
         0.1721          0.4133        0.003103         0.00889          0.1722               1
         0.1758          0.4211        0.003219        0.009029          0.1758               1
         0.1794          0.4114        0.003195        0.009167          0.1794               1
          0.183          0.4074        0.003187        0.009307          0.1831               1
         0.1866          0.3985        0.003235        0.009447          0.1867               1
         0.1902          0.4022         0.00314        0.009587          0.1903               1
         0.1938          0.3949        0.003346        0.009728          0.1939               1
         0.1974          0.3864        0.003663        0.009869          0.1975               1
          0.201          0.3815        0.003261         0.01001          0.2011               1
         0.2046          0.3728        0.003227         0.01015          0.2046               1
         0.2082          0.3634        0.003565         0.01029          0.2082               1
         0.2117          0.3577        0.003454         0.01044          0.2118               1
         0.2153          0.3466        0.003279         0.01058          0.2154               1
         0.2189          0.3312        0.003347         0.01072          0.2189               1
         0.2224          0.3253         0.00347         0.01086          0.2225               1
          0.226          0.3115         0.00372         0.01101           0.226               1
         0.2295           0.311        0.003535         0.01115          0.2296               1
         0.2331          0.2981        0.003737         0.01129          0.2331               1
         0.2366            0.29        0.003146         0.01144          0.2366               1
         0.2401          0.2777         0.00353         0.01158          0.2402               1
         0.2436          0.2646        0.003297         0.01172          0.2437               1
         0.2472          0.2544        0.003356         0.01187          0.2472               1
         0.2507          0.2461          0.0033         0.01201          0.2507               1
         0.2542          0.2311        0.003211         0.01216          0.2542               1
         0.2577          0.2244        0.003273          0.0123          0.2577               1
         0.2611          0.2074         0.00315         0.01244          0.2612               1
         0.2646          0.1982         0.00335         0.01259          0.2647               1
         0.2681          0.1885        0.003271         0.01273          0.2681               1
         0.2716          0.1726        0.002985         0.01287          0.2716               1
          0.275          0.1668        0.003022         0.01302          0.2751               1
         0.2785          0.1545        0.002877         0.01316          0.2785               1
         0.2819          0.1424         0.00275         0.01331          0.2819               1
         0.2854          0.1323        0.002469         0.01345          0.2854               1
         0.2888          0.1232        0.002619         0.01359          0.2888               1
         0.2922          0.1088        0.002449         0.01373          0.2922               1
         0.2956          0.1022        0.002083         0.01388          0.2957               1
          0.299         0.09005        0.001936         0.01402          0.2991               1
         0.3024         0.08081         0.00208         0.01416          0.3025               1
         0.3058         0.07189        0.002197         0.01431          0.3059               1
         0.3092         0.06409        0.001974         0.01445          0.3093               1
         0.3126         0.05561        0.001712         0.01459          0.3126               1
          0.316         0.04784        0.001627         0.01473           0.316               1
         0.3193         0.04104        0.001644         0.01487          0.3194               1
         0.3227         0.03703        0.001692         0.01502          0.3227               1
          0.326         0.02873        0.001327         0.01516          0.3261               1
         0.3294         0.02666        0.001225          0.0153          0.3294               1
         0.3327         0.02423        0.001209         0.01544          0.3327               1
          0.336         0.02051        0.001195         0.01558          0.3361               1
         0.3394          0.0169        0.001107         0.01572          0.3394               1
         0.3427         0.01734        0.001003         0.01586          0.3427               1
          0.346         0.01458        0.000974           0.016           0.346               1
         0.3493         0.01404       0.0009655         0.01614          0.3493               1
         0.3525         0.01322       0.0009559         0.01628          0.3526               1
         0.3558         0.01484       0.0009734         0.01642          0.3559               1
         0.3591         0.01311       0.0009778         0.01656          0.3591               1
         0.3624         0.01277       0.0009802          0.0167          0.3624               1
         0.3656         0.01407        0.001039         0.01684          0.3656               1
         0.3688         0.01199       0.0009238         0.01698          0.3689               1
         0.3721         0.01174       0.0009068         0.01712          0.3721               1
         0.3753           0.014        0.001063         0.01725          0.3753               1
         0.3785         0.01224        0.001096         0.01739          0.3786               1
         0.3817         0.01167       0.0009758         0.01753          0.3818               1
         0.3849         0.01072       0.0009395         0.01767           0.385               1
         0.3881          0.0108       0.0008915          0.0178          0.3882               1
         0.3913         0.01031        0.001007         0.01794          0.3913               1
         0.3945         0.01231         0.00107         0.01808          0.3945               1
         0.3977         0.01027        0.001139         0.01821          0.3977               1
         0.4008         0.01325        0.001304         0.01835          0.4008               1
          0.404        0.009843         0.00128         0.01848           0.404               1
         0.4071        0.009325        0.001648         0.01862          0.4071               1
