FILE CREATED: Tue, Jun 26, 2007 
NSORT-ed   Jun07074.ABS 	  +  Jun07076.ABS	  + none
normalized to   Jun07074.ABS
multiplicative factor 1-2 =   0.98138292	 multiplicative factor 2-3 =            1
The 6 columns are | Q (1/A) | I(Q) (1/cm) | std. dev. I(Q) (1/cm) | sigmaQ | meanQ | ShadowFactor|
       0.002224            4305           141.6       0.0005223        0.002283          0.9972
       0.002567            2538              75       0.0005246        0.002617               1
       0.002909            1633           38.93       0.0005271        0.002953               1
       0.003251            1127           21.25       0.0005304        0.003291               1
       0.003593             816           12.94       0.0005342        0.003629               1
       0.003936           620.9           9.624       0.0005386        0.003968               1
       0.004278           476.8           7.691       0.0005434        0.004308               1
        0.00462           378.1           5.392       0.0005487        0.004648               1
       0.004962           312.1           4.694       0.0005544        0.004988               1
       0.005304           255.1           3.646       0.0005605        0.005329               1
       0.005647           219.3           3.444        0.000567        0.005669               1
       0.005989           182.7           2.505       0.0005738         0.00601               1
       0.006331           159.7           2.888       0.0005809        0.006351               1
       0.006673           140.3           2.916       0.0005884        0.006692               1
       0.007015           121.5           2.142       0.0005962        0.007034               1
       0.007358           108.7           1.982       0.0006042        0.007375               1
         0.0077           94.35           1.745       0.0006126        0.007717               1
       0.008042           84.55            1.67       0.0006212        0.008058               1
       0.008384           78.82           1.723         0.00063          0.0084               1
       0.008726           67.98           1.317       0.0006391        0.008741               1
       0.009069           65.19            1.29       0.0006485        0.009083               1
       0.009411           57.28           1.364        0.000658        0.009424               1
       0.009753           53.88           1.146       0.0006678        0.009766               1
         0.0101           47.41           1.256       0.0006778         0.01011               1
        0.01044           43.06           1.148        0.000688         0.01045               1
        0.01078            41.4           1.113       0.0006983         0.01079               1
        0.01112           37.06          0.8987       0.0007088         0.01113               1
        0.01146           35.24          0.8777       0.0007196         0.01148               1
        0.01181           32.24          0.8719       0.0007304         0.01182               1
        0.01215           29.55          0.8799       0.0007414         0.01216               1
        0.01249           26.61          0.7962       0.0007526          0.0125               1
        0.01283            25.5          0.6946       0.0007639         0.01284               1
        0.01317           24.99          0.7208       0.0007753         0.01318               1
        0.01352            23.4          0.6999       0.0007869         0.01353               1
        0.01386           20.86          0.6095       0.0007986         0.01387               1
         0.0142           20.55          0.6376       0.0008104         0.01421               1
        0.01454           18.55          0.5868       0.0008223         0.01455               1
        0.01489           18.81          0.5698       0.0008344         0.01489               1
        0.01523           16.85          0.5372       0.0008465         0.01524               1
        0.01557           16.73          0.5924       0.0008587         0.01558               1
        0.01591           15.82          0.5579       0.0008711         0.01592               1
        0.01625            14.3          0.5156       0.0008835         0.01626               1
         0.0166           14.12          0.5118        0.000896          0.0166               1
        0.01694           13.64          0.5176       0.0009086         0.01695               1
        0.01728           12.66          0.4972       0.0009212         0.01729               1
        0.01762           12.01          0.4391        0.000934         0.01763               1
        0.01796           11.84          0.4532       0.0009468         0.01797               1
        0.01831           11.66          0.4443       0.0009597         0.01831               1
        0.01865           10.87          0.3991       0.0009726         0.01866               1
        0.01899            10.8          0.4251       0.0009856           0.019               1
        0.01933           9.731           0.454       0.0009987         0.01934               1
        0.01968            9.67          0.3984        0.001012         0.01968               1
        0.02002           9.274          0.3627        0.001025         0.02002               1
        0.02036           9.086          0.4062        0.001038         0.02037               1
         0.0207           8.547          0.3984        0.001052         0.02071               1
        0.02104           8.854          0.3985        0.001065         0.02105               1
        0.02139            8.67          0.4242        0.001078         0.02139               1
        0.02173           7.713          0.3993        0.001092         0.02173               1
        0.02207           7.268          0.4224        0.001105         0.02208               1
        0.02241           8.277          0.4517        0.001119         0.02242               1
        0.02275           6.553           0.375        0.001132         0.02276               1
         0.0231           7.113           0.383        0.001146          0.0231               1
        0.02344           6.897          0.3822         0.00116         0.02344               1
        0.02378           6.461          0.3929        0.001173         0.02379               1
        0.02412           7.245          0.3972        0.001187         0.02413               1
        0.02446           6.479          0.3691        0.001201         0.02447               1
        0.02481           6.506          0.3871        0.001215         0.02481               1
        0.02515           5.714          0.3977        0.001229         0.02515               1
        0.02549           6.084          0.3829        0.001242         0.02549               1
        0.02583            5.95          0.4288        0.001256         0.02584               1
        0.02617           5.897          0.3862         0.00127         0.02618               1
        0.02652            5.82          0.3942        0.001284         0.02652               1
        0.02686            4.77          0.2937        0.001298         0.02686               1
         0.0272           5.358          0.3709        0.001312          0.0272               1
        0.02754           4.992          0.3338        0.001326         0.02755               1
        0.02788           5.046          0.3534         0.00134         0.02789               1
        0.02804            4.53         0.05809        0.004752         0.02841               1
        0.02823           4.912          0.3503        0.001355         0.02823               1
        0.02857           4.485          0.3474        0.001369         0.02857               1
        0.02891           4.355          0.3173        0.001383         0.02891               1
        0.02925           4.297           0.326        0.001397         0.02926               1
        0.02959           4.568          0.3573        0.001411          0.0296               1
        0.02994           3.709          0.3772        0.001425         0.02994               1
        0.03028           3.632          0.3249         0.00144         0.03028               1
        0.03062           4.489          0.3452        0.001454         0.03062               1
        0.03096           4.013          0.3495        0.001468         0.03097               1
         0.0313           4.104           0.349        0.001482         0.03131               1
        0.03164           3.633          0.3217        0.001497         0.03165               1
        0.03178           3.604         0.05127        0.004792         0.03211               1
        0.03199           3.571          0.3337        0.001511         0.03199               1
        0.03233           3.409          0.3283        0.001525         0.03233               1
        0.03267           3.682          0.3734         0.00154         0.03267               1
        0.03301           3.139          0.3177        0.001554         0.03302               1
        0.03335           3.765          0.3403        0.001568         0.03336               1
         0.0337           2.881          0.3057        0.001583          0.0337               1
        0.03404           2.934          0.2829        0.001597         0.03404               1
        0.03438           3.121          0.3313        0.001612         0.03438               1
        0.03472           3.569          0.3049        0.001626         0.03472               1
        0.03506           3.493          0.3135        0.001641         0.03507               1
         0.0354           2.284          0.3115        0.001655         0.03541               1
        0.03552           2.866         0.03537        0.004839         0.03581               1
        0.03575           2.228          0.3336         0.00167         0.03575               1
        0.03609           3.471          0.3407        0.001684         0.03609               1
        0.03643           3.115          0.2757        0.001699         0.03643               1
        0.03677           3.358          0.3017        0.001713         0.03678               1
        0.03711           3.229          0.3372        0.001728         0.03712               1
        0.03746           2.637          0.3013        0.001742         0.03746               1
         0.0378           2.838          0.2911        0.001757          0.0378               1
        0.03814            3.22           0.335        0.001771         0.03814               1
        0.03848           2.694          0.3435        0.001786         0.03848               1
        0.03882           2.209          0.3506          0.0018         0.03883               1
        0.03916           2.791          0.3684        0.001815         0.03917               1
        0.03925            2.32         0.02493        0.004892         0.03951               1
        0.03951           1.934          0.4408         0.00183         0.03951               1
        0.03985           2.432          0.4351        0.001844         0.03985               1
        0.04019           3.366          0.4343        0.001859         0.04019               1
        0.04298            1.92         0.01969        0.004951         0.04322               1
        0.04672            1.61         0.01565        0.005016         0.04694               1
        0.05045           1.358         0.01344        0.005085         0.05065               1
        0.05418           1.172         0.01084        0.005159         0.05437               1
         0.0579           1.031        0.009184        0.005237         0.05808               1
        0.06163          0.9194        0.007689        0.005319          0.0618               1
        0.06536          0.8303        0.007591        0.005405         0.06551               1
        0.06908          0.7545        0.006329        0.005495         0.06923               1
         0.0728          0.7044        0.006047        0.005588         0.07294               1
        0.07652            0.65        0.004872        0.005685         0.07665               1
        0.08023          0.6123        0.006091        0.005784         0.08036               1
        0.08395          0.5889         0.00507        0.005887         0.08407               1
        0.08766          0.5599        0.004376        0.005992         0.08778               1
        0.09137          0.5343         0.00428          0.0061         0.09148               1
        0.09508          0.5261        0.005004         0.00621         0.09518               1
        0.09878           0.507        0.004285        0.006322         0.09888               1
         0.1025          0.5006        0.003958        0.006437          0.1026               1
         0.1062           0.486        0.004245        0.006554          0.1063               1
         0.1099          0.4747        0.003652        0.006672            0.11               1
         0.1136          0.4695        0.004133        0.006793          0.1137               1
         0.1173          0.4595        0.003572        0.006915          0.1173               1
         0.1209          0.4545        0.003604        0.007038           0.121               1
         0.1246          0.4454        0.003423        0.007164          0.1247               1
         0.1283          0.4462         0.00335         0.00729          0.1284               1
          0.132          0.4454         0.00336        0.007418          0.1321               1
         0.1357          0.4456        0.003429        0.007547          0.1357               1
         0.1393          0.4344        0.003126        0.007677          0.1394               1
          0.143            0.44        0.003295        0.007808          0.1431               1
         0.1466          0.4277        0.003133        0.007941          0.1467               1
         0.1503          0.4283        0.003489        0.008074          0.1504               1
          0.154           0.423        0.003276        0.008208           0.154               1
         0.1576          0.4223        0.003364        0.008343          0.1577               1
         0.1612          0.4232        0.003062        0.008479          0.1613               1
         0.1649          0.4219        0.003092        0.008615          0.1649               1
         0.1685          0.4176        0.003458        0.008752          0.1686               1
         0.1721          0.4219        0.002962         0.00889          0.1722               1
         0.1758           0.419         0.00305        0.009029          0.1758               1
         0.1794          0.4162        0.003179        0.009167          0.1794               1
          0.183          0.4061         0.00317        0.009307          0.1831               1
         0.1866          0.4125        0.003284        0.009447          0.1867               1
         0.1902          0.3954        0.003142        0.009587          0.1903               1
         0.1938          0.3988        0.003295        0.009728          0.1939               1
         0.1974          0.3921        0.003282        0.009869          0.1975               1
          0.201           0.383        0.002887         0.01001          0.2011               1
         0.2046          0.3759        0.003484         0.01015          0.2046               1
         0.2082          0.3701        0.003664         0.01029          0.2082               1
         0.2117          0.3506        0.003249         0.01044          0.2118               1
         0.2153          0.3476        0.003445         0.01058          0.2154               1
         0.2189          0.3341        0.003183         0.01072          0.2189               1
         0.2224          0.3266         0.00327         0.01086          0.2225               1
          0.226          0.3183        0.003319         0.01101           0.226               1
         0.2295          0.3159        0.003558         0.01115          0.2296               1
         0.2331          0.3036        0.003353         0.01129          0.2331               1
         0.2366          0.2949        0.003693         0.01144          0.2366               1
         0.2401          0.2786        0.003683         0.01158          0.2402               1
         0.2436          0.2688        0.003245         0.01172          0.2437               1
         0.2472          0.2534        0.003207         0.01187          0.2472               1
         0.2507          0.2445        0.003438         0.01201          0.2507               1
         0.2542          0.2386        0.003842         0.01216          0.2542               1
         0.2577          0.2216        0.003084          0.0123          0.2577               1
         0.2611          0.2141        0.003121         0.01244          0.2612               1
         0.2646          0.2008        0.003352         0.01259          0.2647               1
         0.2681          0.1921        0.002905         0.01273          0.2681               1
         0.2716          0.1821        0.002854         0.01287          0.2716               1
          0.275          0.1642        0.002749         0.01302          0.2751               1
         0.2785          0.1569        0.002926         0.01316          0.2785               1
         0.2819          0.1438        0.002784         0.01331          0.2819               1
         0.2854          0.1348        0.002501         0.01345          0.2854               1
         0.2888          0.1229        0.002712         0.01359          0.2888               1
         0.2922          0.1104        0.002642         0.01373          0.2922               1
         0.2956          0.1038        0.002517         0.01388          0.2957               1
          0.299         0.08882        0.002215         0.01402          0.2991               1
         0.3024          0.0835        0.002143         0.01416          0.3025               1
         0.3058         0.07557        0.002205         0.01431          0.3059               1
         0.3092         0.06323        0.001942         0.01445          0.3093               1
         0.3126         0.05936        0.001682         0.01459          0.3126               1
          0.316          0.0464        0.001842         0.01473           0.316               1
         0.3193         0.04195        0.001538         0.01487          0.3194               1
         0.3227         0.03573        0.001353         0.01502          0.3227               1
          0.326         0.03059        0.001357         0.01516          0.3261               1
         0.3294         0.02358         0.00124          0.0153          0.3294               1
         0.3327         0.02283         0.00122         0.01544          0.3327               1
          0.336         0.01882        0.001187         0.01558          0.3361               1
         0.3394          0.0181        0.001068         0.01572          0.3394               1
         0.3427         0.01301        0.001013         0.01586          0.3427               1
          0.346          0.0154        0.001003           0.016           0.346               1
         0.3493         0.01309        0.001008         0.01614          0.3493               1
         0.3525         0.01376       0.0008787         0.01628          0.3526               1
         0.3558         0.01412        0.001141         0.01642          0.3559               1
         0.3591         0.01374        0.001017         0.01656          0.3591               1
         0.3624         0.01253        0.001064          0.0167          0.3624               1
         0.3656         0.01094       0.0009369         0.01684          0.3656               1
         0.3688         0.01319       0.0009749         0.01698          0.3689               1
         0.3721         0.01331       0.0009778         0.01712          0.3721               1
         0.3753         0.01144        0.001019         0.01725          0.3753               1
         0.3785         0.01272       0.0009843         0.01739          0.3786               1
         0.3817         0.01156        0.001109         0.01753          0.3818               1
         0.3849         0.01077        0.000911         0.01767           0.385               1
         0.3881         0.01109       0.0009073          0.0178          0.3882               1
         0.3913         0.01109        0.001171         0.01794          0.3913               1
         0.3945         0.01104        0.001158         0.01808          0.3945               1
         0.3977         0.01194        0.001113         0.01821          0.3977               1
         0.4008         0.01291        0.001222         0.01835          0.4008               1
          0.404            0.01        0.001517         0.01848           0.404               1
         0.4071         0.01156        0.001583         0.01862          0.4071               1
