FILE CREATED: Tue, Jun 26, 2007 
NSORT-ed   Jun07091.ABS 	  +  Jun07089.ABS	  + none
normalized to   Jun07091.ABS
multiplicative factor 1-2 =   0.98138292	 multiplicative factor 2-3 =            1
The 6 columns are | Q (1/A) | I(Q) (1/cm) | std. dev. I(Q) (1/cm) | sigmaQ | meanQ | ShadowFactor|
       0.002224            1372           41.48       0.0005223        0.002283          0.9972
       0.002567           857.7           24.73       0.0005246        0.002617               1
       0.002909           566.8           12.67       0.0005271        0.002953               1
       0.003251           401.7            8.32       0.0005304        0.003291               1
       0.003593           295.2           5.795       0.0005342        0.003629               1
       0.003936           224.1           4.563       0.0005386        0.003968               1
       0.004278           173.6           3.822       0.0005434        0.004308               1
        0.00462           138.8            2.86       0.0005487        0.004648               1
       0.004962           116.1           2.436       0.0005544        0.004988               1
       0.005304           97.16           2.224       0.0005605        0.005329               1
       0.005647            76.2           1.888        0.000567        0.005669               1
       0.005989           67.96           1.691       0.0005738         0.00601               1
       0.006331            57.6            1.62       0.0005809        0.006351               1
       0.006673           50.55           1.567       0.0005884        0.006692               1
       0.007015           44.74           1.251       0.0005962        0.007034               1
       0.007358           39.65           1.242       0.0006042        0.007375               1
         0.0077           33.79           1.003       0.0006126        0.007717               1
       0.008042            30.1           1.152       0.0006212        0.008058               1
       0.008384           25.12          0.9306         0.00063          0.0084               1
       0.008726           24.24          0.9399       0.0006391        0.008741               1
       0.009069            22.2          0.9439       0.0006485        0.009083               1
       0.009411           19.26           0.773        0.000658        0.009424               1
       0.009753           18.55          0.7353       0.0006678        0.009766               1
         0.0101           15.76          0.6523       0.0006778         0.01011               1
        0.01044           14.33          0.6133        0.000688         0.01045               1
        0.01078           12.82          0.5554       0.0006983         0.01079               1
        0.01112           11.61          0.5516       0.0007088         0.01113               1
        0.01146           11.05          0.5061       0.0007196         0.01148               1
        0.01181           9.862          0.4779       0.0007304         0.01182               1
        0.01215           8.926          0.4798       0.0007414         0.01216               1
        0.01249           7.936          0.4345       0.0007526          0.0125               1
        0.01283           7.919          0.4266       0.0007639         0.01284               1
        0.01317           6.834          0.4413       0.0007753         0.01318               1
        0.01352           7.276          0.4519       0.0007869         0.01353               1
        0.01386           6.208          0.3948       0.0007986         0.01387               1
         0.0142           6.057          0.4172       0.0008104         0.01421               1
        0.01454           5.171          0.3455       0.0008223         0.01455               1
        0.01489           4.512          0.3223       0.0008344         0.01489               1
        0.01523           4.577          0.2982       0.0008465         0.01524               1
        0.01557           4.752          0.3239       0.0008587         0.01558               1
        0.01591           4.028          0.3456       0.0008711         0.01592               1
        0.01625           3.635          0.2892       0.0008835         0.01626               1
         0.0166           3.945          0.3029        0.000896          0.0166               1
        0.01694           3.471          0.3227       0.0009086         0.01695               1
        0.01728           3.331          0.2628       0.0009212         0.01729               1
        0.01762           2.544          0.2601        0.000934         0.01763               1
        0.01796           2.772          0.2812       0.0009468         0.01797               1
        0.01831           3.154          0.2637       0.0009597         0.01831               1
        0.01865           2.495          0.2372       0.0009726         0.01866               1
        0.01899           2.297          0.2411       0.0009856           0.019               1
        0.01933           2.543          0.2562       0.0009987         0.01934               1
        0.01968            2.51          0.2287        0.001012         0.01968               1
        0.02002           2.324          0.2361        0.001025         0.02002               1
        0.02036           2.011          0.2217        0.001038         0.02037               1
         0.0207           1.636          0.2353        0.001052         0.02071               1
        0.02104            1.65          0.1959        0.001065         0.02105               1
        0.02139           1.973          0.2272        0.001078         0.02139               1
        0.02173           1.229          0.2044        0.001092         0.02173               1
        0.02207           1.736          0.2349        0.001105         0.02208               1
        0.02241           1.755          0.2362        0.001119         0.02242               1
        0.02275            1.51            0.22        0.001132         0.02276               1
         0.0231           1.648          0.2496        0.001146          0.0231               1
        0.02344           1.156          0.2255         0.00116         0.02344               1
        0.02378           1.438             0.2        0.001173         0.02379               1
        0.02412            1.43           0.228        0.001187         0.02413               1
        0.02446           1.586           0.235        0.001201         0.02447               1
        0.02481           1.806          0.2447        0.001215         0.02481               1
        0.02515           1.085          0.2623        0.001229         0.02515               1
        0.02549           1.327          0.2032        0.001242         0.02549               1
        0.02583           1.484          0.2449        0.001256         0.02584               1
        0.02617            1.04          0.2083         0.00127         0.02618               1
        0.02652           1.148          0.2094        0.001284         0.02652               1
        0.02686           1.113          0.2103        0.001298         0.02686               1
         0.0272           1.058          0.2277        0.001312          0.0272               1
        0.02754           0.963          0.2186        0.001326         0.02755               1
        0.02788           1.339          0.2324         0.00134         0.02789               1
        0.02804           1.009         0.01393        0.004752         0.02841               1
        0.02823          0.7415          0.1862        0.001355         0.02823               1
        0.03178          0.8468         0.01133        0.004792         0.03211               1
        0.03552          0.7272        0.008537        0.004839         0.03581               1
        0.03925          0.6505        0.006512        0.004892         0.03951               1
        0.04298          0.5994        0.005973        0.004951         0.04322               1
        0.04672          0.5671        0.005081        0.005016         0.04694               1
        0.05045          0.5511        0.005225        0.005085         0.05065               1
        0.05418          0.5347        0.005231        0.005159         0.05437               1
         0.0579          0.5126        0.005205        0.005237         0.05808               1
        0.06163          0.5097        0.004937        0.005319          0.0618               1
        0.06536          0.4997        0.004783        0.005405         0.06551               1
        0.06908          0.4901          0.0044        0.005495         0.06923               1
         0.0728          0.4857        0.004716        0.005588         0.07294               1
        0.07652          0.4779        0.004266        0.005685         0.07665               1
        0.08023            0.47        0.004764        0.005784         0.08036               1
        0.08395          0.4733        0.004365        0.005887         0.08407               1
        0.08766          0.4557        0.004479        0.005992         0.08778               1
        0.09137          0.4642        0.004143          0.0061         0.09148               1
        0.09508          0.4587         0.00402         0.00621         0.09518               1
        0.09878          0.4548        0.004084        0.006322         0.09888               1
         0.1025          0.4557        0.003807        0.006437          0.1026               1
         0.1062          0.4594        0.004059        0.006554          0.1063               1
         0.1099          0.4432        0.003397        0.006672            0.11               1
         0.1136          0.4526        0.003919        0.006793          0.1137               1
         0.1173          0.4536        0.003629        0.006915          0.1173               1
         0.1209          0.4476         0.00341        0.007038           0.121               1
         0.1246          0.4445        0.003211        0.007164          0.1247               1
         0.1283          0.4461        0.003881         0.00729          0.1284               1
          0.132          0.4512        0.003058        0.007418          0.1321               1
         0.1357           0.439        0.003843        0.007547          0.1357               1
         0.1393           0.447        0.003399        0.007677          0.1394               1
          0.143           0.443         0.00312        0.007808          0.1431               1
         0.1466          0.4335        0.003241        0.007941          0.1467               1
         0.1503           0.439         0.00303        0.008074          0.1504               1
          0.154           0.436         0.00313        0.008208           0.154               1
         0.1576          0.4432        0.003159        0.008343          0.1577               1
         0.1612          0.4393        0.003428        0.008479          0.1613               1
         0.1649          0.4441        0.003258        0.008615          0.1649               1
         0.1685          0.4313         0.00309        0.008752          0.1686               1
         0.1721          0.4294          0.0034         0.00889          0.1722               1
         0.1758           0.433        0.003369        0.009029          0.1758               1
         0.1794          0.4273        0.003146        0.009167          0.1794               1
          0.183          0.4275        0.003253        0.009307          0.1831               1
         0.1866          0.4171        0.003507        0.009447          0.1867               1
         0.1902          0.4132        0.003223        0.009587          0.1903               1
         0.1938          0.4104        0.003213        0.009728          0.1939               1
         0.1974          0.4083        0.003422        0.009869          0.1975               1
          0.201          0.3973        0.003242         0.01001          0.2011               1
         0.2046          0.3924        0.003429         0.01015          0.2046               1
         0.2082          0.3818        0.003702         0.01029          0.2082               1
         0.2117          0.3721        0.003628         0.01044          0.2118               1
         0.2153          0.3542        0.003757         0.01058          0.2154               1
         0.2189          0.3502        0.003523         0.01072          0.2189               1
         0.2224          0.3375        0.003723         0.01086          0.2225               1
          0.226          0.3301        0.003763         0.01101           0.226               1
         0.2295           0.327        0.003511         0.01115          0.2296               1
         0.2331          0.3153        0.003524         0.01129          0.2331               1
         0.2366          0.3048        0.003584         0.01144          0.2366               1
         0.2401          0.2903         0.00373         0.01158          0.2402               1
         0.2436          0.2753        0.003604         0.01172          0.2437               1
         0.2472          0.2704        0.003534         0.01187          0.2472               1
         0.2507          0.2579        0.003473         0.01201          0.2507               1
         0.2542          0.2475        0.003362         0.01216          0.2542               1
         0.2577          0.2284        0.003252          0.0123          0.2577               1
         0.2611          0.2234        0.003264         0.01244          0.2612               1
         0.2646          0.2052        0.002923         0.01259          0.2647               1
         0.2681          0.1972        0.003328         0.01273          0.2681               1
         0.2716          0.1848        0.003099         0.01287          0.2716               1
          0.275          0.1673        0.002714         0.01302          0.2751               1
         0.2785          0.1657        0.003016         0.01316          0.2785               1
         0.2819          0.1474        0.002847         0.01331          0.2819               1
         0.2854          0.1349         0.00264         0.01345          0.2854               1
         0.2888          0.1299        0.002475         0.01359          0.2888               1
         0.2922          0.1135        0.002484         0.01373          0.2922               1
         0.2956          0.1041         0.00232         0.01388          0.2957               1
          0.299         0.09251        0.002293         0.01402          0.2991               1
         0.3024         0.08612        0.002232         0.01416          0.3025               1
         0.3058         0.07611        0.002006         0.01431          0.3059               1
         0.3092         0.06765        0.002129         0.01445          0.3093               1
         0.3126         0.05965        0.001913         0.01459          0.3126               1
          0.316         0.05182        0.001672         0.01473           0.316               1
         0.3193         0.04551         0.00154         0.01487          0.3194               1
         0.3227          0.0391        0.001604         0.01502          0.3227               1
          0.326         0.03303        0.001395         0.01516          0.3261               1
         0.3294         0.02753         0.00133          0.0153          0.3294               1
         0.3327         0.02246        0.001192         0.01544          0.3327               1
          0.336         0.02016        0.001091         0.01558          0.3361               1
         0.3394         0.01906        0.001056         0.01572          0.3394               1
         0.3427         0.01712       0.0009853         0.01586          0.3427               1
          0.346         0.01558       0.0009518           0.016           0.346               1
         0.3493         0.01596        0.001093         0.01614          0.3493               1
         0.3525         0.01554       0.0009853         0.01628          0.3526               1
         0.3558         0.01491           0.001         0.01642          0.3559               1
         0.3591         0.01508       0.0009517         0.01656          0.3591               1
         0.3624         0.01198        0.001067          0.0167          0.3624               1
         0.3656         0.01309       0.0009812         0.01684          0.3656               1
         0.3688         0.01263       0.0009548         0.01698          0.3689               1
         0.3721         0.01401        0.001079         0.01712          0.3721               1
         0.3753          0.0153        0.001019         0.01725          0.3753               1
         0.3785         0.01184         0.00109         0.01739          0.3786               1
         0.3817         0.01156        0.001038         0.01753          0.3818               1
         0.3849         0.01323       0.0009729         0.01767           0.385               1
         0.3881         0.01324        0.001113          0.0178          0.3882               1
         0.3913         0.01286        0.001033         0.01794          0.3913               1
         0.3945         0.01385        0.001356         0.01808          0.3945               1
         0.3977         0.01054        0.001344         0.01821          0.3977               1
         0.4008         0.01127        0.001299         0.01835          0.4008               1
          0.404        0.009757        0.001328         0.01848           0.404               1
         0.4071         0.01131        0.001488         0.01862          0.4071               1
