Macintosh HD:Users:johnbark:Desktop:Yuri:CGCOA118_cor_dsm.txt
Chi^2 = 0.993768   PowerLaw m = -3.22   Iterations = 141
1 box smooth passes and 0 smoothing spline passes
CREATED: Tue, Jul 17, 2007 at  4:01:56 PM
    2.74254e-05      2.6256e+09     2.90281e+07     2.74254e-07     2.74254e-05               1
    3.02004e-05     2.13114e+09     2.28946e+07     3.02004e-07     3.02004e-05               1
    3.29754e-05     1.72045e+09     1.98332e+07     3.29754e-07     3.29754e-05               1
    3.57504e-05     1.44562e+09     1.82801e+07     3.57504e-07     3.57504e-05               1
    4.13004e-05     1.04404e+09     7.01403e+06     4.13004e-07     4.13004e-05               1
    4.68504e-05     7.47278e+08     5.59011e+06     4.68504e-07     4.68504e-05               1
    5.24004e-05     5.56657e+08     4.50591e+06     5.24004e-07     5.24004e-05               1
    5.79504e-05     4.22698e+08      3.7515e+06     5.79504e-07     5.79504e-05               1
    6.35004e-05     3.25194e+08      3.1149e+06     6.35004e-07     6.35004e-05               1
    6.90504e-05     2.50363e+08     2.57325e+06     6.90504e-07     6.90504e-05               1
    7.46004e-05     1.94454e+08     2.16258e+06     7.46004e-07     7.46004e-05               1
    8.01504e-05     1.54753e+08     1.83984e+06     8.01504e-07     8.01504e-05               1
    8.57004e-05     1.26706e+08     1.61503e+06     8.57004e-07     8.57004e-05               1
    9.12504e-05     1.10377e+08     1.48936e+06     9.12504e-07     9.12504e-05               1
    9.68004e-05     9.79062e+07     1.41617e+06     9.68004e-07     9.68004e-05               1
     0.00010235     8.67595e+07     1.29962e+06      1.0235e-06      0.00010235               1
      0.0001079     7.94702e+07     1.26633e+06       1.079e-06       0.0001079               1
     0.00011345     7.15728e+07          859948      1.1345e-06      0.00011345               1
     0.00012455      5.6223e+07          704931      1.2455e-06      0.00012455               1
     0.00013565     4.32152e+07          596130      1.3565e-06      0.00013565               1
     0.00014675     3.38035e+07          507042      1.4675e-06      0.00014675               1
     0.00015785     2.67821e+07          432032      1.5785e-06      0.00015785               1
     0.00016895     2.14517e+07          374080      1.6895e-06      0.00016895               1
     0.00018005     1.74949e+07          321697      1.8005e-06      0.00018005               1
     0.00019115     1.43324e+07          281229      1.9115e-06      0.00019115               1
     0.00020225     1.17663e+07          247728      2.0225e-06      0.00020225               1
     0.00021335     9.96353e+06          219117      2.1335e-06      0.00021335               1
     0.00022445     8.89575e+06          211095      2.2445e-06      0.00022445               1
     0.00023555     8.08516e+06          199720      2.3555e-06      0.00023555               1
     0.00024665      7.3194e+06          192761      2.4665e-06      0.00024665               1
     0.00025775     6.23004e+06          172183      2.5775e-06      0.00025775               1
     0.00026885     5.93944e+06          175145      2.6885e-06      0.00026885               1
     0.00027995     5.23017e+06          172109      2.7995e-06      0.00027995               1
      0.0003077     4.00221e+06          137938       3.077e-06       0.0003077               1
     0.00033545     3.03913e+06          115165      3.3545e-06      0.00033545               1
      0.0003632     2.34157e+06         98156.4       3.632e-06       0.0003632               1
     0.00039095     1.83679e+06         80692.4      3.9095e-06      0.00039095               1
      0.0004187      1.4574e+06         71221.7       4.187e-06       0.0004187               1
     0.00044645     1.20647e+06         61410.9      4.4645e-06      0.00044645               1
      0.0004742          986409           55358       4.742e-06       0.0004742               1
     0.00050195          783843         46965.9      5.0195e-06      0.00050195               1
      0.0005297          736303         48254.3       5.297e-06       0.0005297               1
     0.00055745          582350         29039.4      5.5745e-06      0.00055745               1
     0.00066845          396126         20087.9      6.6845e-06      0.00066845               1
     0.00077945          247477         16003.4      7.7945e-06      0.00077945               1
     0.00089045          178350         12400.9      8.9045e-06      0.00089045               1
     0.00100145          130654           11113     1.00145e-05      0.00100145               1
     0.00111245          101609         8729.44     1.11245e-05      0.00111245               1
     0.00133445           55067         5759.76     1.33445e-05      0.00133445               1
     0.00155645         29130.9         3488.29     1.55645e-05      0.00155645               1
     0.00177845         13610.9         2443.01     1.77845e-05      0.00177845               1
     0.00200045          6833.8         1355.44     2.00045e-05      0.00200045               1
     0.00222245         4206.51         1187.98     2.22245e-05      0.00222245               1
     0.00244445         3044.77         992.642     2.44445e-05      0.00244445               1
     0.00266645         2363.13         849.736     2.66645e-05      0.00266645               1
