Macintosh HD:Users:johnbark:Desktop:Yuri:CGCOA136_cor_dsm.txt
Chi^2 = 0.999564   PowerLaw m = -2.59   Iterations = 3988
1 box smooth passes and 0 smoothing spline passes
CREATED: Tue, Jul 17, 2007 at  4:06:18 PM
    2.97642e-05     1.08435e+09     1.94763e+07     2.97642e-07     2.97642e-05               1
    3.25392e-05     8.57418e+08     1.51573e+07     3.25392e-07     3.25392e-05               1
    3.53142e-05     6.73648e+08     1.34859e+07     3.53142e-07     3.53142e-05               1
    4.08642e-05      4.5899e+08     5.02523e+06     4.08642e-07     4.08642e-05               1
    4.64142e-05     3.12523e+08     3.90729e+06     4.64142e-07     4.64142e-05               1
    5.19642e-05     2.22882e+08     3.11301e+06     5.19642e-07     5.19642e-05               1
    5.75142e-05     1.64328e+08     2.57085e+06     5.75142e-07     5.75142e-05               1
    6.30642e-05     1.24585e+08     2.15897e+06     6.30642e-07     6.30642e-05               1
    6.86142e-05     9.67048e+07     1.81014e+06     6.86142e-07     6.86142e-05               1
    7.41642e-05     7.62958e+07     1.55245e+06     7.41642e-07     7.41642e-05               1
    7.97142e-05     6.12632e+07     1.34318e+06     7.97142e-07     7.97142e-05               1
    8.52642e-05      4.9295e+07     1.17208e+06     8.52642e-07     8.52642e-05               1
    9.08142e-05     4.08129e+07     1.02791e+06     9.08142e-07     9.08142e-05               1
    9.63642e-05     3.60781e+07          979000     9.63642e-07     9.63642e-05               1
    0.000101914     3.21929e+07          920539     1.01914e-06     0.000101914               1
    0.000107464      2.8595e+07          865480     1.07464e-06     0.000107464               1
    0.000113014      2.5329e+07          584979     1.13014e-06     0.000113014               1
    0.000124114     1.95166e+07          488182     1.24114e-06     0.000124114               1
    0.000135214     1.46946e+07          408854     1.35214e-06     0.000135214               1
    0.000146314     1.09189e+07          341352     1.46314e-06     0.000146314               1
    0.000157414     8.34745e+06          292621     1.57414e-06     0.000157414               1
    0.000168514     6.61448e+06          254036     1.68514e-06     0.000168514               1
    0.000179614     5.33512e+06          219035     1.79614e-06     0.000179614               1
    0.000190714     4.30583e+06          187709     1.90714e-06     0.000190714               1
    0.000201814      3.4602e+06          168310     2.01814e-06     0.000201814               1
    0.000212914     2.91606e+06          146667     2.12914e-06     0.000212914               1
    0.000224014     2.49532e+06          138678     2.24014e-06     0.000224014               1
    0.000235114     2.22874e+06          128239     2.35114e-06     0.000235114               1
    0.000246214      1.9786e+06          123358     2.46214e-06     0.000246214               1
    0.000257314     1.78332e+06          116263     2.57314e-06     0.000257314               1
    0.000268414     1.59639e+06          112851     2.68414e-06     0.000268414               1
    0.000279514     1.40102e+06          112979     2.79514e-06     0.000279514               1
    0.000307264     1.00326e+06         88196.1     3.07264e-06     0.000307264               1
    0.000335014          733205         74285.8     3.35014e-06     0.000335014               1
    0.000362764          564015         60527.7     3.62764e-06     0.000362764               1
    0.000390514          440898         52513.2     3.90514e-06     0.000390514               1
    0.000418264          366908         45029.2     4.18264e-06     0.000418264               1
    0.000446014          300873         42372.3     4.46014e-06     0.000446014               1
    0.000473764          266736         33708.1     4.73764e-06     0.000473764               1
    0.000501514          229932         35396.4     5.01514e-06     0.000501514               1
    0.000529264          210433         31550.1     5.29264e-06     0.000529264               1
    0.000557014          177794         18731.6     5.57014e-06     0.000557014               1
    0.000668014          108777         13416.3     6.68014e-06     0.000668014               1
    0.000779014         64542.8         9493.66     7.79014e-06     0.000779014               1
    0.000890014         46743.7         8339.98     8.90014e-06     0.000890014               1
     0.00100101         40354.4         7454.15     1.00101e-05      0.00100101               1
     0.00111201         34456.4         6073.73     1.11201e-05      0.00111201               1
     0.00133401         18207.3         3901.74     1.33401e-05      0.00133401               1
     0.00155601         8870.01         2110.13     1.55601e-05      0.00155601               1
     0.00177801         4453.32         1750.39     1.77801e-05      0.00177801               1
     0.00200001         3451.86         1372.05     2.00001e-05      0.00200001               1
     0.00222201         2191.19         975.249     2.22201e-05      0.00222201               1
     0.00244401         2048.04         840.817     2.44401e-05      0.00244401               1
     0.00266601         1991.12         761.719     2.66601e-05      0.00266601               1
