Macintosh HD:Users:johnbark:Desktop:Yuri:CGCOA150_cor_dsm.txt
Chi^2 = 0.9917   PowerLaw m = -3.72   Iterations = 153
1 box smooth passes and 0 smoothing spline passes
CREATED: Tue, Jul 17, 2007 at  4:09:20 PM
    2.98169e-05     2.41513e+09     2.66459e+07     2.98169e-07     2.98169e-05               1
    3.25919e-05     1.99591e+09     2.19757e+07     3.25919e-07     3.25919e-05               1
    3.53669e-05     1.64582e+09     1.99004e+07     3.53669e-07     3.53669e-05               1
    4.09169e-05     1.16637e+09      7.5555e+06     4.09169e-07     4.09169e-05               1
    4.64669e-05     8.28296e+08     5.93405e+06     4.64669e-07     4.64669e-05               1
    5.20169e-05     6.10926e+08     4.77513e+06     5.20169e-07     5.20169e-05               1
    5.75669e-05      4.6269e+08     3.95655e+06     5.75669e-07     5.75669e-05               1
    6.31169e-05     3.57383e+08     3.29283e+06     6.31169e-07     6.31169e-05               1
    6.86669e-05     2.78291e+08     2.76702e+06     6.86669e-07     6.86669e-05               1
    7.42169e-05      2.1944e+08     2.33401e+06     7.42169e-07     7.42169e-05               1
    7.97669e-05     1.75365e+08      2.0064e+06     7.97669e-07     7.97669e-05               1
    8.53169e-05     1.43753e+08     1.73713e+06     8.53169e-07     8.53169e-05               1
    9.08669e-05     1.20333e+08     1.56007e+06     9.08669e-07     9.08669e-05               1
    9.64169e-05     1.07445e+08     1.46191e+06     9.64169e-07     9.64169e-05               1
    0.000101967     9.31494e+07     1.34194e+06     1.01967e-06     0.000101967               1
    0.000107517     8.55904e+07     1.29539e+06     1.07517e-06     0.000107517               1
    0.000113067     7.65015e+07          876794     1.13067e-06     0.000113067               1
    0.000124167     6.07055e+07          732801     1.24167e-06     0.000124167               1
    0.000135267      4.6945e+07          619157     1.35267e-06     0.000135267               1
    0.000146367     3.64591e+07          522546     1.46367e-06     0.000146367               1
    0.000157467     2.87514e+07          446674     1.57467e-06     0.000157467               1
    0.000168567     2.30442e+07          389443     1.68567e-06     0.000168567               1
    0.000179667      1.8853e+07          335757     1.79667e-06     0.000179667               1
    0.000190767     1.55994e+07          296583     1.90767e-06     0.000190767               1
    0.000201867     1.30759e+07          262448     2.01867e-06     0.000201867               1
    0.000212967     1.08537e+07          235778     2.12967e-06     0.000212967               1
    0.000224067     9.25073e+06          209227     2.24067e-06     0.000224067               1
    0.000235167     8.57248e+06          205317     2.35167e-06     0.000235167               1
    0.000246267     7.58724e+06          198964     2.46267e-06     0.000246267               1
    0.000257367     6.65843e+06          172322     2.57367e-06     0.000257367               1
    0.000268467     6.51659e+06          186984     2.68467e-06     0.000268467               1
    0.000279567     5.64532e+06          175890     2.79567e-06     0.000279567               1
    0.000307317     4.32822e+06          139928     3.07317e-06     0.000307317               1
    0.000335067     3.19822e+06          120498     3.35067e-06     0.000335067               1
    0.000362817     2.40063e+06         95794.4     3.62817e-06     0.000362817               1
    0.000390567     1.82192e+06         82415.3     3.90567e-06     0.000390567               1
    0.000418317     1.54055e+06         73230.3     4.18317e-06     0.000418317               1
    0.000446067     1.32536e+06         69526.8     4.46067e-06     0.000446067               1
    0.000473817     1.14035e+06         59493.2     4.73817e-06     0.000473817               1
    0.000501567          918101         52998.2     5.01567e-06     0.000501567               1
    0.000529317          771948         48636.3     5.29317e-06     0.000529317               1
    0.000557067          637538         29555.9     5.57067e-06     0.000557067               1
    0.000668067          390154         20125.1     6.68067e-06     0.000668067               1
    0.000779067          233936         14628.2     7.79067e-06     0.000779067               1
    0.000890067          162106           12200     8.90067e-06     0.000890067               1
     0.00100107          119476         10587.7     1.00107e-05      0.00100107               1
     0.00111207         90788.8         7962.05     1.11207e-05      0.00111207               1
     0.00133407         50821.4         5543.32     1.33407e-05      0.00133407               1
     0.00155607         29043.7         3794.06     1.55607e-05      0.00155607               1
     0.00177807         15297.2          2550.7     1.77807e-05      0.00177807               1
     0.00200007         9044.93         1784.19     2.00007e-05      0.00200007               1
     0.00222207         7206.93         1615.98     2.22207e-05      0.00222207               1
     0.00244407         6948.82         1480.24     2.44407e-05      0.00244407               1
     0.00266607         6343.08         1272.88     2.66607e-05      0.00266607               1
