Macintosh HD:Users:johnbark:Desktop:Yuri:CGCOA142_cor_dsm.txt
Chi^2 = 0.999476   PowerLaw m = -3.32   Iterations = 3869
1 box smooth passes and 0 smoothing spline passes
CREATED: Tue, Jul 17, 2007 at  4:07:59 PM
    2.95317e-05     1.06299e+09     1.97017e+07     2.95317e-07     2.95317e-05               1
    3.23067e-05     8.12224e+08     1.47355e+07     3.23067e-07     3.23067e-05               1
    3.50817e-05     6.19921e+08     1.31335e+07     3.50817e-07     3.50817e-05               1
    4.06317e-05     4.17654e+08      4.8476e+06     4.06317e-07     4.06317e-05               1
    4.61817e-05     2.84133e+08     3.75912e+06     4.61817e-07     4.61817e-05               1
    5.17317e-05     2.04554e+08     3.02899e+06     5.17317e-07     5.17317e-05               1
    5.72817e-05     1.51605e+08      2.5071e+06     5.72817e-07     5.72817e-05               1
    6.28317e-05     1.14477e+08     2.08524e+06     6.28317e-07     6.28317e-05               1
    6.83817e-05     8.82024e+07     1.75672e+06     6.83817e-07     6.83817e-05               1
    7.39317e-05     6.93461e+07     1.50111e+06     7.39317e-07     7.39317e-05               1
    7.94817e-05     5.56748e+07     1.29523e+06     7.94817e-07     7.94817e-05               1
    8.50317e-05     4.52235e+07     1.13974e+06     8.50317e-07     8.50317e-05               1
    9.05817e-05     3.76314e+07     1.00817e+06     9.05817e-07     9.05817e-05               1
    9.61317e-05     3.31049e+07          944205     9.61317e-07     9.61317e-05               1
    0.000101682     2.91774e+07          898071     1.01682e-06     0.000101682               1
    0.000107232     2.60409e+07          833550     1.07232e-06     0.000107232               1
    0.000112782     2.31355e+07          579867     1.12782e-06     0.000112782               1
    0.000123882      1.8216e+07          479862     1.23882e-06     0.000123882               1
    0.000134982     1.39536e+07          403948     1.34982e-06     0.000134982               1
    0.000146082      1.0464e+07          346811     1.46082e-06     0.000146082               1
    0.000157182     7.88742e+06          286176     1.57182e-06     0.000157182               1
    0.000168282     5.97235e+06          246231     1.68282e-06     0.000168282               1
    0.000179382     4.77357e+06          212945     1.79382e-06     0.000179382               1
    0.000190482     3.88052e+06          184204     1.90482e-06     0.000190482               1
    0.000201582     3.15783e+06          162784     2.01582e-06     0.000201582               1
    0.000212682     2.60106e+06          143677     2.12682e-06     0.000212682               1
    0.000223782     2.17452e+06          130914     2.23782e-06     0.000223782               1
    0.000234882     1.92155e+06          121934     2.34882e-06     0.000234882               1
    0.000245982     1.71829e+06          119042     2.45982e-06     0.000245982               1
    0.000257082     1.54068e+06          110595     2.57082e-06     0.000257082               1
    0.000268182     1.35745e+06          107898     2.68182e-06     0.000268182               1
    0.000279282     1.20887e+06          108593     2.79282e-06     0.000279282               1
    0.000307032          934510         89635.7     3.07032e-06     0.000307032               1
    0.000334782          707646         75938.2     3.34782e-06     0.000334782               1
    0.000362532          548494           58300     3.62532e-06     0.000362532               1
    0.000390282          425196         54714.1     3.90282e-06     0.000390282               1
    0.000418032          362283         45086.7     4.18032e-06     0.000418032               1
    0.000445782          289092         38991.1     4.45782e-06     0.000445782               1
    0.000473532          232173         33007.4     4.73532e-06     0.000473532               1
    0.000501282          180054         30164.8     5.01282e-06     0.000501282               1
    0.000529032          151133         27594.3     5.29032e-06     0.000529032               1
    0.000556782          130936         17422.6     5.56782e-06     0.000556782               1
    0.000667782         94338.1         13058.2     6.67782e-06     0.000667782               1
    0.000778782         60726.8         9276.46     7.78782e-06     0.000778782               1
    0.000889782         40858.8         8229.55     8.89782e-06     0.000889782               1
     0.00100078         32851.2         6471.59     1.00078e-05      0.00100078               1
     0.00111178         28356.9         5720.24     1.11178e-05      0.00111178               1
     0.00133378         19697.7         4585.16     1.33378e-05      0.00133378               1
     0.00155578         13308.1         2742.03     1.55578e-05      0.00155578               1
     0.00177778         7003.56         2483.97     1.77778e-05      0.00177778               1
     0.00199978         4759.18          1692.1     1.99978e-05      0.00199978               1
     0.00222178         2328.58         1181.44     2.22178e-05      0.00222178               1
     0.00244378         1984.11          968.63     2.44378e-05      0.00244378               1
     0.00266578          1771.9         884.116     2.66578e-05      0.00266578               1
