Macintosh HD:Users:johnbark:Desktop:Yuri:CGCOA105_cor_dsm.txt
Chi^2 = 0.990419   PowerLaw m = -2.95   Iterations = 157
1 box smooth passes and 0 smoothing spline passes
CREATED: Tue, Jul 17, 2007 at  3:48:36 PM
    2.62102e-05      2.7638e+09     3.25377e+07     2.62102e-07     2.62102e-05               1
    2.89852e-05     2.25347e+09     2.47838e+07     2.89852e-07     2.89852e-05               1
    3.17602e-05     1.82015e+09     2.12949e+07     3.17602e-07     3.17602e-05               1
    3.45352e-05     1.51759e+09     1.90352e+07     3.45352e-07     3.45352e-05               1
    4.00852e-05      1.0567e+09     7.25229e+06     4.00852e-07     4.00852e-05               1
    4.56352e-05     7.47561e+08     5.57542e+06     4.56352e-07     4.56352e-05               1
    5.11852e-05     5.42418e+08     4.54159e+06     5.11852e-07     5.11852e-05               1
    5.67352e-05      4.0958e+08     3.66365e+06     5.67352e-07     5.67352e-05               1
    6.22852e-05     3.11243e+08     3.06856e+06     6.22852e-07     6.22852e-05               1
    6.78352e-05     2.41827e+08     2.55534e+06     6.78352e-07     6.78352e-05               1
    7.33852e-05      1.9084e+08     2.13568e+06     7.33852e-07     7.33852e-05               1
    7.89352e-05     1.53142e+08     1.86722e+06     7.89352e-07     7.89352e-05               1
    8.44852e-05     1.26872e+08     1.61656e+06     8.44852e-07     8.44852e-05               1
    9.00352e-05      1.1085e+08     1.50764e+06     9.00352e-07     9.00352e-05               1
    9.55852e-05     9.89954e+07      1.4343e+06     9.55852e-07     9.55852e-05               1
    0.000101135     8.71213e+07     1.31199e+06     1.01135e-06     0.000101135               1
    0.000106685     7.90974e+07     1.26311e+06     1.06685e-06     0.000106685               1
    0.000112235     7.07009e+07          858876     1.12235e-06     0.000112235               1
    0.000123335      5.5566e+07          705116     1.23335e-06     0.000123335               1
    0.000134435     4.26517e+07          599143     1.34435e-06     0.000134435               1
    0.000145535     3.34207e+07          501944     1.45535e-06     0.000145535               1
    0.000156635     2.62011e+07          434343     1.56635e-06     0.000156635               1
    0.000167735     2.08142e+07          368582     1.67735e-06     0.000167735               1
    0.000178835     1.68056e+07          314038     1.78835e-06     0.000178835               1
    0.000189935     1.37758e+07          280260     1.89935e-06     0.000189935               1
    0.000201035     1.14113e+07          243440     2.01035e-06     0.000201035               1
    0.000212135     9.50655e+06          215775     2.12135e-06     0.000212135               1
    0.000223235     8.44169e+06          208533     2.23235e-06     0.000223235               1
    0.000234335     7.68495e+06          197455     2.34335e-06     0.000234335               1
    0.000245435     7.27926e+06          196342     2.45435e-06     0.000245435               1
    0.000256535     6.22108e+06          178769     2.56535e-06     0.000256535               1
    0.000267635     6.08358e+06          176181     2.67635e-06     0.000267635               1
    0.000278735     5.32705e+06          174626     2.78735e-06     0.000278735               1
    0.000306485     3.95139e+06          137886     3.06485e-06     0.000306485               1
    0.000334235     2.86143e+06          110749     3.34235e-06     0.000334235               1
    0.000361985     2.19819e+06         92956.5     3.61985e-06     0.000361985               1
    0.000389735     1.74258e+06         82831.8     3.89735e-06     0.000389735               1
    0.000417485     1.41892e+06         68033.4     4.17485e-06     0.000417485               1
    0.000445235     1.14818e+06         62051.4     4.45235e-06     0.000445235               1
    0.000472985          969866         54802.5     4.72985e-06     0.000472985               1
    0.000500735          804362         48117.4     5.00735e-06     0.000500735               1
    0.000528485          758544         50908.3     5.28485e-06     0.000528485               1
    0.000556235          618574         29296.6     5.56235e-06     0.000556235               1
    0.000667235          367461         19583.9     6.67235e-06     0.000667235               1
    0.000778235          207674         13781.8     7.78235e-06     0.000778235               1
    0.000889235          139861         11017.2     8.89235e-06     0.000889235               1
     0.00100024          105439         9891.42     1.00024e-05      0.00100024               1
     0.00111124         82815.3         7717.61     1.11124e-05      0.00111124               1
     0.00133324         45823.3         4954.64     1.33324e-05      0.00133324               1
     0.00155524         24356.1         3210.03     1.55524e-05      0.00155524               1
     0.00177724         13571.9         2141.22     1.77724e-05      0.00177724               1
     0.00199924         7654.98         1538.17     1.99924e-05      0.00199924               1
     0.00222124         6348.81         1204.75     2.22124e-05      0.00222124               1
     0.00244324         5012.73         1226.23     2.44324e-05      0.00244324               1
     0.00266524         4392.29         998.067     2.66524e-05      0.00266524               1
