Macintosh HD:Users:johnbark:Desktop:Yuri:CGCOA124_cor_dsm.txt
Chi^2 = 0.986787   PowerLaw m = -3.77   Iterations = 160
1 box smooth passes and 0 smoothing spline passes
CREATED: Tue, Jul 17, 2007 at  4:02:59 PM
    2.73196e-05     2.33433e+09        2.76e+07     2.73196e-07     2.73196e-05               1
    3.00946e-05     1.96606e+09     2.22766e+07     3.00946e-07     3.00946e-05               1
    3.28696e-05     1.63849e+09     1.96771e+07     3.28696e-07     3.28696e-05               1
    3.56446e-05     1.39831e+09     1.79899e+07     3.56446e-07     3.56446e-05               1
    4.11946e-05     1.01159e+09     6.94239e+06     4.11946e-07     4.11946e-05               1
    4.67446e-05     7.23424e+08     5.47246e+06     4.67446e-07     4.67446e-05               1
    5.22946e-05     5.33639e+08     4.40527e+06     5.22946e-07     5.22946e-05               1
    5.78446e-05      4.0525e+08     3.64801e+06     5.78446e-07     5.78446e-05               1
    6.33946e-05     3.14022e+08     3.06319e+06     6.33946e-07     6.33946e-05               1
    6.89446e-05     2.45135e+08     2.55371e+06     6.89446e-07     6.89446e-05               1
    7.44946e-05     1.91883e+08      2.1517e+06     7.44946e-07     7.44946e-05               1
    8.00446e-05     1.53497e+08     1.83408e+06     8.00446e-07     8.00446e-05               1
    8.55946e-05      1.2659e+08     1.61754e+06     8.55946e-07     8.55946e-05               1
    9.11446e-05     1.10906e+08     1.51072e+06     9.11446e-07     9.11446e-05               1
    9.66946e-05     9.93881e+07     1.41641e+06     9.66946e-07     9.66946e-05               1
    0.000102245      8.7845e+07     1.31962e+06     1.02245e-06     0.000102245               1
    0.000107795     8.00121e+07     1.27218e+06     1.07795e-06     0.000107795               1
    0.000113345     7.14205e+07          848733     1.13345e-06     0.000113345               1
    0.000124445     5.56741e+07          706358     1.24445e-06     0.000124445               1
    0.000135545     4.32031e+07          597074     1.35545e-06     0.000135545               1
    0.000146645     3.38848e+07          506614     1.46645e-06     0.000146645               1
    0.000157745     2.66608e+07          434135     1.57745e-06     0.000157745               1
    0.000168845     2.11197e+07          366431     1.68845e-06     0.000168845               1
    0.000179945     1.68473e+07          316176     1.79945e-06     0.000179945               1
    0.000191045     1.37848e+07          274262     1.91045e-06     0.000191045               1
    0.000202145     1.14997e+07          243374     2.02145e-06     0.000202145               1
    0.000213245      9.8014e+06          220964     2.13245e-06     0.000213245               1
    0.000224345      8.7163e+06          208330     2.24345e-06     0.000224345               1
    0.000235445     7.86682e+06          195874     2.35445e-06     0.000235445               1
    0.000246545     7.25726e+06          195941     2.46545e-06     0.000246545               1
    0.000257645     6.25527e+06          175296     2.57645e-06     0.000257645               1
    0.000268745     6.09559e+06          175950     2.68745e-06     0.000268745               1
    0.000279845     5.40607e+06          178169     2.79845e-06     0.000279845               1
    0.000307595     4.20061e+06          138917     3.07595e-06     0.000307595               1
    0.000335345     3.08855e+06          117537     3.35345e-06     0.000335345               1
    0.000363095     2.39204e+06         95692.8     3.63095e-06     0.000363095               1
    0.000390845      1.8443e+06         83752.3     3.90845e-06     0.000390845               1
    0.000418595     1.48927e+06         69364.5     4.18595e-06     0.000418595               1
    0.000446345     1.20251e+06         62740.4     4.46345e-06     0.000446345               1
    0.000474095          994012         55085.4     4.74095e-06     0.000474095               1
    0.000501845          808489         47918.7     5.01845e-06     0.000501845               1
    0.000529595          777440         50822.4     5.29595e-06     0.000529595               1
    0.000557345          628892         30199.4     5.57345e-06     0.000557345               1
    0.000668345          415173         20341.8     6.68345e-06     0.000668345               1
    0.000779345          240725         15566.1     7.79345e-06     0.000779345               1
    0.000890345          156369         11256.8     8.90345e-06     0.000890345               1
     0.00100134          106384         9436.58     1.00134e-05      0.00100134               1
     0.00111234           80656         7912.79     1.11234e-05      0.00111234               1
     0.00133434         45843.6         4959.81     1.33434e-05      0.00133434               1
     0.00155634         23548.5         3181.31     1.55634e-05      0.00155634               1
     0.00177834         13429.7         2231.11     1.77834e-05      0.00177834               1
     0.00200034         8439.76         1735.16     2.00034e-05      0.00200034               1
     0.00222234         7441.45         1417.44     2.22234e-05      0.00222234               1
     0.00244434         6181.91         1511.86     2.44434e-05      0.00244434               1
     0.00266634         5486.03         1148.25     2.66634e-05      0.00266634               1
