Macintosh HD:Users:johnbark:Desktop:Yuri:CGCOA130_cor_dsm.txt
Chi^2 = 0.990243   PowerLaw m = -3.39   Iterations = 139
1 box smooth passes and 0 smoothing spline passes
CREATED: Tue, Jul 17, 2007 at  4:04:16 PM
    2.71648e-05     2.58931e+09     2.96405e+07     2.71648e-07     2.71648e-05               1
    2.99398e-05     2.00731e+09     2.22847e+07     2.99398e-07     2.99398e-05               1
    3.27148e-05     1.55839e+09     1.89169e+07     3.27148e-07     3.27148e-05               1
    3.54898e-05     1.28975e+09     1.74807e+07     3.54898e-07     3.54898e-05               1
    4.10398e-05     9.21081e+08     6.64386e+06     4.10398e-07     4.10398e-05               1
    4.65898e-05      6.5495e+08     5.24083e+06     4.65898e-07     4.65898e-05               1
    5.21398e-05     4.82936e+08     4.24189e+06     5.21398e-07     5.21398e-05               1
    5.76898e-05     3.62382e+08      3.4752e+06     5.76898e-07     5.76898e-05               1
    6.32398e-05     2.77463e+08     2.87262e+06     6.32398e-07     6.32398e-05               1
    6.87898e-05     2.16302e+08     2.42836e+06     6.87898e-07     6.87898e-05               1
    7.43398e-05     1.71656e+08     2.04809e+06     7.43398e-07     7.43398e-05               1
    7.98898e-05      1.3762e+08     1.75996e+06     7.98898e-07     7.98898e-05               1
    8.54398e-05     1.13918e+08     1.54369e+06     8.54398e-07     8.54398e-05               1
    9.09898e-05     1.00003e+08       1.444e+06     9.09898e-07     9.09898e-05               1
    9.65398e-05     8.99549e+07     1.36032e+06     9.65398e-07     9.65398e-05               1
     0.00010209     7.82249e+07     1.25808e+06      1.0209e-06      0.00010209               1
     0.00010764     7.05839e+07     1.18452e+06      1.0764e-06      0.00010764               1
     0.00011319     6.23733e+07          806251      1.1319e-06      0.00011319               1
     0.00012429     4.88436e+07          667866      1.2429e-06      0.00012429               1
     0.00013539     3.78962e+07          564015      1.3539e-06      0.00013539               1
     0.00014649     2.95517e+07          483565      1.4649e-06      0.00014649               1
     0.00015759     2.32393e+07          406183      1.5759e-06      0.00015759               1
     0.00016869     1.83251e+07          349594      1.6869e-06      0.00016869               1
     0.00017979     1.48783e+07          300193      1.7979e-06      0.00017979               1
     0.00019089     1.22116e+07          264624      1.9089e-06      0.00019089               1
     0.00020199     1.02175e+07          232342      2.0199e-06      0.00020199               1
     0.00021309     8.62687e+06          210494      2.1309e-06      0.00021309               1
     0.00022419     7.73564e+06          197868      2.2419e-06      0.00022419               1
     0.00023529     6.92283e+06          190520      2.3529e-06      0.00023529               1
     0.00024639      6.3488e+06          182325      2.4639e-06      0.00024639               1
     0.00025749     5.48231e+06          166776      2.5749e-06      0.00025749               1
     0.00026859     5.28139e+06          170365      2.6859e-06      0.00026859               1
     0.00027969     4.66549e+06          162634      2.7969e-06      0.00027969               1
     0.00030744     3.42045e+06          131975      3.0744e-06      0.00030744               1
     0.00033519     2.49437e+06          104007      3.3519e-06      0.00033519               1
     0.00036294     1.88071e+06         87986.3      3.6294e-06      0.00036294               1
     0.00039069     1.54116e+06         76401.6      3.9069e-06      0.00039069               1
     0.00041844     1.25808e+06         68616.2      4.1844e-06      0.00041844               1
     0.00044619      1.0383e+06           56292      4.4619e-06      0.00044619               1
     0.00047394          844245         52667.6      4.7394e-06      0.00047394               1
     0.00050169          695386         44823.4      5.0169e-06      0.00050169               1
     0.00052944          674222         48621.2      5.2944e-06      0.00052944               1
     0.00055719          531303         27736.2      5.5719e-06      0.00055719               1
     0.00066819          349466         19331.3      6.6819e-06      0.00066819               1
     0.00077919          214076         14815.9      7.7919e-06      0.00077919               1
     0.00089019          149001         11495.2      8.9019e-06      0.00089019               1
     0.00100119          107263         10226.7     1.00119e-05      0.00100119               1
     0.00111219         83437.9         7882.79     1.11219e-05      0.00111219               1
     0.00133419         45790.4         5424.49     1.33419e-05      0.00133419               1
     0.00155619         24479.2         3356.02     1.55619e-05      0.00155619               1
     0.00177819         11272.4         2190.25     1.77819e-05      0.00177819               1
     0.00200019         4997.82         1408.87     2.00019e-05      0.00200019               1
     0.00222219         4705.45         1143.13     2.22219e-05      0.00222219               1
     0.00244419            4793         1486.53     2.44419e-05      0.00244419               1
     0.00266619          5064.8          1104.9     2.66619e-05      0.00266619               1
