Macintosh HD:Users:johnbark:Desktop:Yuri:CGCOA111_cor_dsm.txt
Chi^2 = 0.998404   PowerLaw m = -2.98   Iterations = 159
1 box smooth passes and 0 smoothing spline passes
CREATED: Tue, Jul 17, 2007 at  4:00:57 PM
    2.65104e-05      3.2913e+09      3.4293e+07     2.65104e-07     2.65104e-05               1
    2.92854e-05     2.51831e+09     2.50227e+07     2.92854e-07     2.92854e-05               1
    3.20604e-05     1.94795e+09     2.15104e+07     3.20604e-07     3.20604e-05               1
    3.48354e-05     1.60717e+09     1.98476e+07     3.48354e-07     3.48354e-05               1
    4.03854e-05     1.11859e+09     7.27275e+06     4.03854e-07     4.03854e-05               1
    4.59354e-05     7.68483e+08     5.69751e+06     4.59354e-07     4.59354e-05               1
    5.14854e-05     5.60409e+08     4.55551e+06     5.14854e-07     5.14854e-05               1
    5.70354e-05     4.16721e+08     3.70924e+06     5.70354e-07     5.70354e-05               1
    6.25854e-05     3.16125e+08     3.06283e+06     6.25854e-07     6.25854e-05               1
    6.81354e-05     2.45501e+08     2.55738e+06     6.81354e-07     6.81354e-05               1
    7.36854e-05     1.94722e+08     2.17736e+06     7.36854e-07     7.36854e-05               1
    7.92354e-05     1.58158e+08     1.87259e+06     7.92354e-07     7.92354e-05               1
    8.47854e-05     1.30887e+08      1.6548e+06     8.47854e-07     8.47854e-05               1
    9.03354e-05     1.13926e+08     1.53164e+06     9.03354e-07     9.03354e-05               1
    9.58854e-05     1.01925e+08     1.43002e+06     9.58854e-07     9.58854e-05               1
    0.000101435     8.94845e+07     1.34428e+06     1.01435e-06     0.000101435               1
    0.000106985     8.12648e+07      1.2822e+06     1.06985e-06     0.000106985               1
    0.000112535      7.2032e+07          852485     1.12535e-06     0.000112535               1
    0.000123635     5.56684e+07          710731     1.23635e-06     0.000123635               1
    0.000134735     4.29275e+07          592468     1.34735e-06     0.000134735               1
    0.000145835     3.30037e+07          503771     1.45835e-06     0.000145835               1
    0.000156935     2.58224e+07          424292     1.56935e-06     0.000156935               1
    0.000168035     2.06607e+07          363825     1.68035e-06     0.000168035               1
    0.000179135     1.68316e+07          321663     1.79135e-06     0.000179135               1
    0.000190235     1.38437e+07          274426     1.90235e-06     0.000190235               1
    0.000201335     1.13557e+07          243569     2.01335e-06     0.000201335               1
    0.000212435     9.65181e+06          218120     2.12435e-06     0.000212435               1
    0.000223535     8.62336e+06          208080     2.23535e-06     0.000223535               1
    0.000234635     7.78574e+06          199110     2.34635e-06     0.000234635               1
    0.000245735     7.22977e+06          192615     2.45735e-06     0.000245735               1
    0.000256835     6.21335e+06          175817     2.56835e-06     0.000256835               1
    0.000267935     6.02983e+06          178832     2.67935e-06     0.000267935               1
    0.000279035     5.31508e+06          126181     2.79035e-06     0.000279035               1
    0.000306785     4.02312e+06          101038     3.06785e-06     0.000306785               1
    0.000334535     3.00985e+06         84825.9     3.34535e-06     0.000334535               1
    0.000362285     2.29011e+06         69310.9     3.62285e-06     0.000362285               1
    0.000390035     1.76413e+06           58358     3.90035e-06     0.000390035               1
    0.000417785     1.40824e+06         50824.9     4.17785e-06     0.000417785               1
    0.000445535     1.15633e+06         44196.1     4.45535e-06     0.000445535               1
    0.000473285          953145         39591.7     4.73285e-06     0.000473285               1
    0.000501035          788007         34079.2     5.01035e-06     0.000501035               1
    0.000528785          729482           36333     5.28785e-06     0.000528785               1
    0.000556535          604738         20803.9     5.56535e-06     0.000556535               1
    0.000667535          373617         14495.1     6.67535e-06     0.000667535               1
    0.000778535          230992         10619.3     7.78535e-06     0.000778535               1
    0.000889535          160874         8987.88     8.89535e-06     0.000889535               1
     0.00100054          120869         7372.68     1.00054e-05      0.00100054               1
     0.00111154         91825.6         5315.72     1.11154e-05      0.00111154               1
     0.00133354         51406.5         3473.67     1.33354e-05      0.00133354               1
     0.00155554           27260         2150.21     1.55554e-05      0.00155554               1
     0.00177754         13241.1         1489.72     1.77754e-05      0.00177754               1
     0.00199954          7074.9         937.453     1.99954e-05      0.00199954               1
     0.00222154         5576.73         816.746     2.22154e-05      0.00222154               1
     0.00244354         4784.24         801.956     2.44354e-05      0.00244354               1
     0.00266554         4303.19          590.04     2.66554e-05      0.00266554               1
