FILE CREATED: Fri, Jun 29, 2007 
NSORT-ed   Jun07209.ABS 	  +  Jun07207.ABS	  + none
normalized to   Jun07207.ABS
multiplicative factor 1-2 =   0.90945079	 multiplicative factor 2-3 =            1
The 6 columns are | Q (1/A) | I(Q) (1/cm) | std. dev. I(Q) (1/cm) | sigmaQ | meanQ | ShadowFactor|
       0.002224            3089           95.58       0.0005223        0.002283          0.9972
       0.002567            1917           54.96       0.0005246        0.002617               1
       0.002909            1268           27.89       0.0005271        0.002953               1
       0.003251           901.4           15.92       0.0005304        0.003291               1
       0.003593           692.4              10       0.0005342        0.003629               1
       0.003936           533.1           8.125       0.0005386        0.003968               1
       0.004278           429.9           6.017       0.0005434        0.004308               1
        0.00462           359.6           4.965       0.0005487        0.004648               1
       0.004962           300.4           4.512       0.0005544        0.004988               1
       0.005304           258.6           3.724       0.0005605        0.005329               1
       0.005647           223.3           2.857        0.000567        0.005669               1
       0.005989           193.9           3.165       0.0005738         0.00601               1
       0.006331           175.1           2.622       0.0005809        0.006351               1
       0.006673           157.2           2.647       0.0005884        0.006692               1
       0.007015           137.5           2.069       0.0005962        0.007034               1
       0.007358           122.1           1.994       0.0006042        0.007375               1
         0.0077             110           1.889       0.0006126        0.007717               1
       0.008042           101.1           1.865       0.0006212        0.008058               1
       0.008384           91.22           1.569         0.00063          0.0084               1
       0.008726           85.92           1.571       0.0006391        0.008741               1
       0.009069           77.45           1.562       0.0006485        0.009083               1
       0.009411           71.78           1.374        0.000658        0.009424               1
       0.009753           69.27           1.261       0.0006678        0.009766               1
         0.0101           64.24            1.19       0.0006778         0.01011               1
        0.01044           56.85           1.068        0.000688         0.01045               1
        0.01078           53.91           1.037       0.0006983         0.01079               1
        0.01112           48.61          0.9977       0.0007088         0.01113               1
        0.01146           48.05           1.043       0.0007196         0.01148               1
        0.01181           45.23          0.8816       0.0007304         0.01182               1
        0.01215           43.34          0.9968       0.0007414         0.01216               1
        0.01249           40.46          0.9613       0.0007526          0.0125               1
        0.01283           39.19          0.8736       0.0007639         0.01284               1
        0.01317           36.37          0.9204       0.0007753         0.01318               1
        0.01352           34.16          0.7535       0.0007869         0.01353               1
        0.01386           31.79          0.8587       0.0007986         0.01387               1
         0.0142           32.69           0.793       0.0008104         0.01421               1
        0.01454           30.93          0.6955       0.0008223         0.01455               1
        0.01489              29          0.7614       0.0008344         0.01489               1
        0.01523           28.27          0.6766       0.0008465         0.01524               1
        0.01557           26.92          0.6203       0.0008587         0.01558               1
        0.01591           25.96          0.6556       0.0008711         0.01592               1
        0.01625           24.67          0.6333       0.0008835         0.01626               1
         0.0166           24.86          0.6158        0.000896          0.0166               1
        0.01694           24.36          0.6473       0.0009086         0.01695               1
        0.01728           22.63          0.5998       0.0009212         0.01729               1
        0.01762           21.33          0.5325        0.000934         0.01763               1
        0.01796           21.53          0.6065       0.0009468         0.01797               1
        0.01831           20.39          0.5348       0.0009597         0.01831               1
        0.01865           20.27          0.5163       0.0009726         0.01866               1
        0.01899           19.64          0.5415       0.0009856           0.019               1
        0.01933            18.5          0.5908       0.0009987         0.01934               1
        0.01968           19.24          0.5544        0.001012         0.01968               1
        0.02002           17.52          0.4971        0.001025         0.02002               1
        0.02036           17.41          0.4796        0.001038         0.02037               1
         0.0207           17.86          0.5236        0.001052         0.02071               1
        0.02104           16.26          0.5242        0.001065         0.02105               1
        0.02139           16.17          0.5197        0.001078         0.02139               1
        0.02173           16.81          0.4958        0.001092         0.02173               1
        0.02207           15.29          0.4766        0.001105         0.02208               1
        0.02241           14.59          0.5299        0.001119         0.02242               1
        0.02275           14.95          0.5727        0.001132         0.02276               1
         0.0231           13.65          0.4894        0.001146          0.0231               1
        0.02344           12.42          0.4374         0.00116         0.02344               1
        0.02378           12.73          0.4981        0.001173         0.02379               1
        0.02412           12.85          0.5809        0.001187         0.02413               1
        0.02446           12.87          0.4423        0.001201         0.02447               1
        0.02481           12.31            0.47        0.001215         0.02481               1
        0.02515           12.58          0.5187        0.001229         0.02515               1
        0.02549           11.76          0.4714        0.001242         0.02549               1
        0.02583           11.47          0.4954        0.001256         0.02584               1
        0.02617            11.1          0.4794         0.00127         0.02618               1
        0.02652           10.86          0.5059        0.001284         0.02652               1
        0.02686           10.58          0.4856        0.001298         0.02686               1
         0.0272           11.19          0.4955        0.001312          0.0272               1
        0.02754           10.29          0.4662        0.001326         0.02755               1
        0.02788           10.26          0.4762         0.00134         0.02789               1
        0.02804           10.25          0.1068        0.004752         0.02841               1
        0.02823           9.822           0.466        0.001355         0.02823               1
        0.02857           10.33          0.4695        0.001369         0.02857               1
        0.02891           9.722          0.4242        0.001383         0.02891               1
        0.02925           9.822          0.4738        0.001397         0.02926               1
        0.02959           9.304          0.4979        0.001411          0.0296               1
        0.02994           8.852          0.4226        0.001425         0.02994               1
        0.03028           8.708          0.4113         0.00144         0.03028               1
        0.03062           8.422          0.4315        0.001454         0.03062               1
        0.03096           8.323          0.4451        0.001468         0.03097               1
         0.0313           8.138          0.4254        0.001482         0.03131               1
        0.03164           7.814          0.4214        0.001497         0.03165               1
        0.03178           8.275          0.1164        0.004792         0.03211               1
        0.03199           7.645          0.4254        0.001511         0.03199               1
        0.03233           7.232          0.4027        0.001525         0.03233               1
        0.03267           7.403          0.4335         0.00154         0.03267               1
        0.03301           7.283          0.4032        0.001554         0.03302               1
        0.03335           7.359          0.3972        0.001568         0.03336               1
         0.0337           6.222           0.374        0.001583          0.0337               1
        0.03404            7.25          0.4123        0.001597         0.03404               1
        0.03438           6.694          0.3741        0.001612         0.03438               1
        0.03472           6.163          0.3631        0.001626         0.03472               1
        0.03506           6.074          0.3647        0.001641         0.03507               1
         0.0354           5.936          0.3498        0.001655         0.03541               1
        0.03552            6.45         0.08553        0.004839         0.03581               1
        0.03575           6.172           0.416         0.00167         0.03575               1
        0.03609           5.499          0.3591        0.001684         0.03609               1
        0.03643           6.085           0.399        0.001699         0.03643               1
        0.03677           6.087          0.3996        0.001713         0.03678               1
        0.03711           5.714          0.3173        0.001728         0.03712               1
        0.03746           4.668          0.3579        0.001742         0.03746               1
         0.0378           5.676          0.3933        0.001757          0.0378               1
        0.03814            4.67          0.3818        0.001771         0.03814               1
        0.03848           5.195          0.4169        0.001786         0.03848               1
        0.03925           5.026         0.06187        0.004892         0.03951               1
        0.04298           3.967         0.04663        0.004951         0.04322               1
        0.04672           3.174         0.03442        0.005016         0.04694               1
        0.05045           2.548         0.02696        0.005085         0.05065               1
        0.05418           2.109         0.02036        0.005159         0.05437               1
         0.0579           1.751          0.0176        0.005237         0.05808               1
        0.06163             1.5         0.01234        0.005319          0.0618               1
        0.06536           1.317         0.01041        0.005405         0.06551               1
        0.06908           1.171        0.009327        0.005495         0.06923               1
         0.0728           1.078        0.008066        0.005588         0.07294               1
        0.07652          0.9784        0.007072        0.005685         0.07665               1
        0.08023          0.9003        0.006369        0.005784         0.08036               1
        0.08395           0.843        0.005093        0.005887         0.08407               1
        0.08766          0.7924        0.006404        0.005992         0.08778               1
        0.09137          0.7584        0.004346          0.0061         0.09148               1
        0.09508          0.7397        0.004692         0.00621         0.09518               1
        0.09878          0.7098        0.005433        0.006322         0.09888               1
         0.1025          0.6914        0.004984        0.006437          0.1026               1
         0.1062          0.6799        0.004417        0.006554          0.1063               1
         0.1099          0.6537        0.004601        0.006672            0.11               1
         0.1136          0.6446        0.004602        0.006793          0.1137               1
         0.1173          0.6432        0.005032        0.006915          0.1173               1
         0.1209          0.6344        0.004342        0.007038           0.121               1
         0.1246          0.6353         0.00471        0.007164          0.1247               1
         0.1283          0.6188        0.003561         0.00729          0.1284               1
          0.132            0.61        0.004195        0.007418          0.1321               1
         0.1357           0.607        0.003927        0.007547          0.1357               1
         0.1393          0.6038        0.004569        0.007677          0.1394               1
          0.143          0.5996        0.003791        0.007808          0.1431               1
         0.1466          0.5981        0.004087        0.007941          0.1467               1
         0.1503          0.5945         0.00418        0.008074          0.1504               1
          0.154          0.5812        0.003913        0.008208           0.154               1
         0.1576          0.5863        0.003732        0.008343          0.1577               1
         0.1612          0.5869        0.003674        0.008479          0.1613               1
         0.1649           0.583        0.003925        0.008615          0.1649               1
         0.1685          0.5808        0.003551        0.008752          0.1686               1
         0.1721          0.5797        0.003307         0.00889          0.1722               1
         0.1758          0.5748        0.003618        0.009029          0.1758               1
         0.1794          0.5659        0.003943        0.009167          0.1794               1
          0.183          0.5656        0.004199        0.009307          0.1831               1
         0.1866          0.5587        0.003692        0.009447          0.1867               1
         0.1902          0.5526        0.003814        0.009587          0.1903               1
         0.1938          0.5445        0.003786        0.009728          0.1939               1
         0.1974          0.5334        0.003628        0.009869          0.1975               1
          0.201          0.5259        0.003769         0.01001          0.2011               1
         0.2046          0.5237        0.003752         0.01015          0.2046               1
         0.2082          0.5008        0.003823         0.01029          0.2082               1
         0.2117          0.4987        0.003839         0.01044          0.2118               1
         0.2153          0.4817        0.003824         0.01058          0.2154               1
         0.2189          0.4771        0.003862         0.01072          0.2189               1
         0.2224          0.4593        0.003786         0.01086          0.2225               1
          0.226          0.4535        0.003856         0.01101           0.226               1
         0.2295          0.4401        0.004395         0.01115          0.2296               1
         0.2331          0.4286        0.003869         0.01129          0.2331               1
         0.2366          0.4211        0.003936         0.01144          0.2366               1
         0.2401            0.41        0.004181         0.01158          0.2402               1
         0.2436          0.3949        0.003837         0.01172          0.2437               1
         0.2472          0.3794        0.003962         0.01187          0.2472               1
         0.2507          0.3647        0.003656         0.01201          0.2507               1
         0.2542           0.359        0.003511         0.01216          0.2542               1
         0.2577            0.34        0.003358          0.0123          0.2577               1
         0.2611          0.3248        0.003646         0.01244          0.2612               1
         0.2646          0.3093        0.004031         0.01259          0.2647               1
         0.2681          0.3036        0.003641         0.01273          0.2681               1
         0.2716          0.2867        0.003418         0.01287          0.2716               1
          0.275          0.2696        0.003582         0.01302          0.2751               1
         0.2785          0.2579        0.003513         0.01316          0.2785               1
         0.2819          0.2531        0.003249         0.01331          0.2819               1
         0.2854          0.2329        0.003206         0.01345          0.2854               1
         0.2888          0.2235        0.002919         0.01359          0.2888               1
         0.2922          0.2079        0.003118         0.01373          0.2922               1
         0.2956          0.2038        0.003336         0.01388          0.2957               1
          0.299          0.1869        0.003073         0.01402          0.2991               1
         0.3024          0.1798        0.003282         0.01416          0.3025               1
         0.3058          0.1635        0.002815         0.01431          0.3059               1
         0.3092          0.1501         0.00261         0.01445          0.3093               1
         0.3126          0.1444        0.002547         0.01459          0.3126               1
          0.316          0.1322        0.002597         0.01473           0.316               1
         0.3193          0.1214        0.002544         0.01487          0.3194               1
         0.3227          0.1187        0.002256         0.01502          0.3227               1
          0.326           0.109        0.002255         0.01516          0.3261               1
         0.3294          0.1032        0.002181          0.0153          0.3294               1
         0.3327         0.09463        0.002223         0.01544          0.3327               1
          0.336         0.09044        0.001842         0.01558          0.3361               1
         0.3394         0.08571        0.001922         0.01572          0.3394               1
         0.3427         0.07936        0.001593         0.01586          0.3427               1
          0.346         0.07517        0.001683           0.016           0.346               1
         0.3493         0.07319        0.001685         0.01614          0.3493               1
         0.3525         0.06936        0.001555         0.01628          0.3526               1
         0.3558         0.06559        0.001582         0.01642          0.3559               1
         0.3591         0.06627        0.001768         0.01656          0.3591               1
         0.3624         0.06304        0.001512          0.0167          0.3624               1
         0.3656         0.06066        0.001606         0.01684          0.3656               1
         0.3688         0.05775        0.001411         0.01698          0.3689               1
         0.3721         0.06025        0.001597         0.01712          0.3721               1
         0.3753         0.05947         0.00156         0.01725          0.3753               1
         0.3785         0.05517        0.001442         0.01739          0.3786               1
         0.3817         0.05522        0.001292         0.01753          0.3818               1
         0.3849         0.05617        0.001544         0.01767           0.385               1
         0.3881         0.05178        0.001323          0.0178          0.3882               1
         0.3913         0.05332        0.001696         0.01794          0.3913               1
