FILE CREATED: Tue, Jun 26, 2007 
NSORT-ed   Jun07150.ABS 	  +  Jun07152.ABS	  + none
normalized to   Jun07152.ABS
multiplicative factor 1-2 =   0.93425233	 multiplicative factor 2-3 =            1
The 6 columns are | Q (1/A) | I(Q) (1/cm) | std. dev. I(Q) (1/cm) | sigmaQ | meanQ | ShadowFactor|
       0.002224            2988           92.89       0.0005223        0.002283          0.9972
       0.002567            1865           49.89       0.0005246        0.002617               1
       0.002909            1258           26.13       0.0005271        0.002953               1
       0.003251           896.9           15.56       0.0005304        0.003291               1
       0.003593           678.7           9.856       0.0005342        0.003629               1
       0.003936           530.5           7.241       0.0005386        0.003968               1
       0.004278           434.6           6.138       0.0005434        0.004308               1
        0.00462           358.6           5.065       0.0005487        0.004648               1
       0.004962           299.3           4.213       0.0005544        0.004988               1
       0.005304           254.2           3.633       0.0005605        0.005329               1
       0.005647           225.2           2.909        0.000567        0.005669               1
       0.005989           192.6           2.742       0.0005738         0.00601               1
       0.006331           171.5           2.515       0.0005809        0.006351               1
       0.006673           154.8           2.672       0.0005884        0.006692               1
       0.007015             136           1.792       0.0005962        0.007034               1
       0.007358           121.6            2.08       0.0006042        0.007375               1
         0.0077           113.8           2.027       0.0006126        0.007717               1
       0.008042           100.8           1.936       0.0006212        0.008058               1
       0.008384           91.67           1.745         0.00063          0.0084               1
       0.008726           84.02           1.548       0.0006391        0.008741               1
       0.009069            76.8           1.414       0.0006485        0.009083               1
       0.009411           70.55           1.297        0.000658        0.009424               1
       0.009753           66.77            1.42       0.0006678        0.009766               1
         0.0101           61.22           1.251       0.0006778         0.01011               1
        0.01044           59.33             1.3        0.000688         0.01045               1
        0.01078           54.51           1.205       0.0006983         0.01079               1
        0.01112            50.3           1.182       0.0007088         0.01113               1
        0.01146           48.74           1.064       0.0007196         0.01148               1
        0.01181           43.18          0.8971       0.0007304         0.01182               1
        0.01215           41.59          0.9501       0.0007414         0.01216               1
        0.01249           40.55          0.8826       0.0007526          0.0125               1
        0.01283           37.38          0.8705       0.0007639         0.01284               1
        0.01317           35.14          0.8576       0.0007753         0.01318               1
        0.01352           36.06          0.7975       0.0007869         0.01353               1
        0.01386           32.15           0.777       0.0007986         0.01387               1
         0.0142           31.57          0.7904       0.0008104         0.01421               1
        0.01454           31.32          0.7299       0.0008223         0.01455               1
        0.01489           29.22           0.679       0.0008344         0.01489               1
        0.01523           27.45          0.6773       0.0008465         0.01524               1
        0.01557           25.83          0.7246       0.0008587         0.01558               1
        0.01591           26.25          0.6732       0.0008711         0.01592               1
        0.01625           25.88          0.6715       0.0008835         0.01626               1
         0.0166           23.17          0.6337        0.000896          0.0166               1
        0.01694           23.09          0.6231       0.0009086         0.01695               1
        0.01728           22.21           0.627       0.0009212         0.01729               1
        0.01762           21.43          0.5671        0.000934         0.01763               1
        0.01796           21.39          0.5933       0.0009468         0.01797               1
        0.01831           20.68          0.5266       0.0009597         0.01831               1
        0.01865           19.83          0.5243       0.0009726         0.01866               1
        0.01899           18.88          0.5314       0.0009856           0.019               1
        0.01933           18.56          0.5231       0.0009987         0.01934               1
        0.01968           18.24           0.487        0.001012         0.01968               1
        0.02002            17.6          0.4696        0.001025         0.02002               1
        0.02036           17.27          0.4752        0.001038         0.02037               1
         0.0207           16.61          0.5361        0.001052         0.02071               1
        0.02104           16.84          0.5376        0.001065         0.02105               1
        0.02139           15.62          0.5373        0.001078         0.02139               1
        0.02173           14.38          0.4818        0.001092         0.02173               1
        0.02207           14.95          0.5426        0.001105         0.02208               1
        0.02241              14          0.5374        0.001119         0.02242               1
        0.02275           13.97          0.5462        0.001132         0.02276               1
         0.0231            14.3          0.5218        0.001146          0.0231               1
        0.02344           13.27          0.5138         0.00116         0.02344               1
        0.02378           12.97          0.4952        0.001173         0.02379               1
        0.02412           12.56          0.4996        0.001187         0.02413               1
        0.02446           13.36          0.5654        0.001201         0.02447               1
        0.02481           12.52          0.5278        0.001215         0.02481               1
        0.02515           12.54          0.5257        0.001229         0.02515               1
        0.02549           11.77          0.5037        0.001242         0.02549               1
        0.02583            11.7          0.5047        0.001256         0.02584               1
        0.02617           11.65          0.4356         0.00127         0.02618               1
        0.02652           11.81          0.4606        0.001284         0.02652               1
        0.02686           10.04          0.4853        0.001298         0.02686               1
         0.0272           10.23          0.4981        0.001312          0.0272               1
        0.02754           9.679          0.4908        0.001326         0.02755               1
        0.02788           10.61          0.5124         0.00134         0.02789               1
        0.02804           9.848           0.103        0.004752         0.02841               1
        0.02823           10.31          0.5039        0.001355         0.02823               1
        0.02857            9.33          0.4896        0.001369         0.02857               1
        0.02891           8.758          0.4408        0.001383         0.02891               1
        0.02925           9.501          0.4876        0.001397         0.02926               1
        0.02959           8.908          0.4976        0.001411          0.0296               1
        0.02994           8.887           0.427        0.001425         0.02994               1
        0.03028           8.436          0.4213         0.00144         0.03028               1
        0.03062           8.921          0.4586        0.001454         0.03062               1
        0.03096           8.202          0.4427        0.001468         0.03097               1
         0.0313           7.703          0.4436        0.001482         0.03131               1
        0.03164           7.644          0.3755        0.001497         0.03165               1
        0.03178           7.971          0.1161        0.004792         0.03211               1
        0.03199           7.568          0.4339        0.001511         0.03199               1
        0.03233           7.491          0.4001        0.001525         0.03233               1
        0.03267           6.969          0.4283         0.00154         0.03267               1
        0.03301           7.481          0.4354        0.001554         0.03302               1
        0.03335           7.027          0.3851        0.001568         0.03336               1
         0.0337           6.227          0.4004        0.001583          0.0337               1
        0.03404           6.706          0.4137        0.001597         0.03404               1
        0.03438           7.028          0.4629        0.001612         0.03438               1
        0.03472           6.605          0.3955        0.001626         0.03472               1
        0.03506           6.258          0.4159        0.001641         0.03507               1
         0.0354            6.42          0.3817        0.001655         0.03541               1
        0.03552           6.166          0.0809        0.004839         0.03581               1
        0.03575           6.414          0.4205         0.00167         0.03575               1
        0.03609           5.488          0.3866        0.001684         0.03609               1
        0.03643           6.345          0.4233        0.001699         0.03643               1
        0.03677           5.467          0.3366        0.001713         0.03678               1
        0.03711           5.194          0.3552        0.001728         0.03712               1
        0.03746           4.973          0.3411        0.001742         0.03746               1
         0.0378           5.122          0.3238        0.001757          0.0378               1
        0.03814           5.016          0.4057        0.001771         0.03814               1
        0.03848           4.896          0.3932        0.001786         0.03848               1
        0.03882            4.36          0.3316          0.0018         0.03883               1
        0.03916           4.012           0.457        0.001815         0.03917               1
        0.03925            4.84         0.05896        0.004892         0.03951               1
        0.03951           5.852          0.5247         0.00183         0.03951               1
        0.03985           4.962          0.5193        0.001844         0.03985               1
        0.04019           4.507          0.5576        0.001859         0.04019               1
        0.04298           3.834         0.04481        0.004951         0.04322               1
        0.04672           3.089         0.03402        0.005016         0.04694               1
        0.05045           2.482         0.02601        0.005085         0.05065               1
        0.05418           2.054         0.02032        0.005159         0.05437               1
         0.0579           1.734         0.01605        0.005237         0.05808               1
        0.06163           1.487          0.0134        0.005319          0.0618               1
        0.06536           1.302         0.01066        0.005405         0.06551               1
        0.06908           1.165        0.009323        0.005495         0.06923               1
         0.0728           1.068        0.008042        0.005588         0.07294               1
        0.07652          0.9828        0.006756        0.005685         0.07665               1
        0.08023          0.9169        0.006416        0.005784         0.08036               1
        0.08395          0.8539        0.005944        0.005887         0.08407               1
        0.08766          0.7997        0.006104        0.005992         0.08778               1
        0.09137          0.7729        0.005002          0.0061         0.09148               1
        0.09508          0.7511        0.005634         0.00621         0.09518               1
        0.09878           0.719        0.005074        0.006322         0.09888               1
         0.1025          0.7026        0.004826        0.006437          0.1026               1
         0.1062          0.6761          0.0044        0.006554          0.1063               1
         0.1099          0.6712        0.004807        0.006672            0.11               1
         0.1136          0.6606        0.004252        0.006793          0.1137               1
         0.1173          0.6479        0.004339        0.006915          0.1173               1
         0.1209          0.6304        0.004381        0.007038           0.121               1
         0.1246          0.6377        0.004104        0.007164          0.1247               1
         0.1283          0.6248        0.003866         0.00729          0.1284               1
          0.132          0.6196        0.004222        0.007418          0.1321               1
         0.1357          0.6082           0.004        0.007547          0.1357               1
         0.1393          0.6096        0.004247        0.007677          0.1394               1
          0.143           0.598        0.003776        0.007808          0.1431               1
         0.1466          0.6002        0.004038        0.007941          0.1467               1
         0.1503          0.5908        0.003626        0.008074          0.1504               1
          0.154          0.5918          0.0038        0.008208           0.154               1
         0.1576          0.5892        0.003977        0.008343          0.1577               1
         0.1612           0.591        0.003844        0.008479          0.1613               1
         0.1649          0.5787        0.003905        0.008615          0.1649               1
         0.1685          0.5797        0.003644        0.008752          0.1686               1
         0.1721          0.5786        0.003627         0.00889          0.1722               1
         0.1758          0.5739        0.003212        0.009029          0.1758               1
         0.1794          0.5728        0.003504        0.009167          0.1794               1
          0.183          0.5669        0.003419        0.009307          0.1831               1
         0.1866          0.5652        0.003685        0.009447          0.1867               1
         0.1902          0.5509        0.003638        0.009587          0.1903               1
         0.1938          0.5436        0.004112        0.009728          0.1939               1
         0.1974          0.5349        0.003842        0.009869          0.1975               1
          0.201          0.5327        0.003852         0.01001          0.2011               1
         0.2046          0.5254        0.003999         0.01015          0.2046               1
         0.2082          0.5076        0.003914         0.01029          0.2082               1
         0.2117          0.4948        0.003938         0.01044          0.2118               1
         0.2153          0.4855        0.003963         0.01058          0.2154               1
         0.2189          0.4743        0.003669         0.01072          0.2189               1
         0.2224          0.4659           0.004         0.01086          0.2225               1
          0.226          0.4491        0.004289         0.01101           0.226               1
         0.2295           0.445        0.003816         0.01115          0.2296               1
         0.2331          0.4357        0.004151         0.01129          0.2331               1
         0.2366          0.4228        0.004008         0.01144          0.2366               1
         0.2401          0.4066        0.004168         0.01158          0.2402               1
         0.2436          0.3899        0.004238         0.01172          0.2437               1
         0.2472          0.3781        0.003894         0.01187          0.2472               1
         0.2507          0.3689        0.003718         0.01201          0.2507               1
         0.2542          0.3558         0.00401         0.01216          0.2542               1
         0.2577          0.3395         0.00348          0.0123          0.2577               1
         0.2611          0.3275         0.00356         0.01244          0.2612               1
         0.2646           0.316        0.003822         0.01259          0.2647               1
         0.2681          0.2969        0.003681         0.01273          0.2681               1
         0.2716          0.2861        0.003519         0.01287          0.2716               1
          0.275          0.2747        0.003809         0.01302          0.2751               1
         0.2785          0.2618        0.003664         0.01316          0.2785               1
         0.2819          0.2476        0.003228         0.01331          0.2819               1
         0.2854          0.2323        0.003161         0.01345          0.2854               1
         0.2888          0.2205        0.003385         0.01359          0.2888               1
         0.2922          0.2095        0.003161         0.01373          0.2922               1
         0.2956           0.206        0.002861         0.01388          0.2957               1
          0.299          0.1846        0.002695         0.01402          0.2991               1
         0.3024          0.1767        0.003137         0.01416          0.3025               1
         0.3058          0.1654        0.002783         0.01431          0.3059               1
         0.3092          0.1543        0.002619         0.01445          0.3093               1
         0.3126           0.145        0.002629         0.01459          0.3126               1
          0.316           0.132        0.002522         0.01473           0.316               1
         0.3193          0.1293        0.002329         0.01487          0.3194               1
         0.3227          0.1164        0.002363         0.01502          0.3227               1
          0.326          0.1055        0.002467         0.01516          0.3261               1
         0.3294          0.1034        0.002198          0.0153          0.3294               1
         0.3327          0.0955        0.001828         0.01544          0.3327               1
          0.336         0.09274        0.001849         0.01558          0.3361               1
         0.3394         0.08627        0.001975         0.01572          0.3394               1
         0.3427         0.08099         0.00184         0.01586          0.3427               1
          0.346         0.07516         0.00163           0.016           0.346               1
         0.3493         0.07452        0.001725         0.01614          0.3493               1
         0.3525         0.07574        0.001817         0.01628          0.3526               1
         0.3558         0.07054        0.001764         0.01642          0.3559               1
         0.3591         0.06525         0.00169         0.01656          0.3591               1
         0.3624         0.06392         0.00169          0.0167          0.3624               1
         0.3656         0.06153         0.00163         0.01684          0.3656               1
         0.3688         0.06406        0.001611         0.01698          0.3689               1
         0.3721         0.06127        0.001562         0.01712          0.3721               1
         0.3753         0.05806        0.001516         0.01725          0.3753               1
         0.3785         0.05651        0.001645         0.01739          0.3786               1
         0.3817         0.05581        0.001523         0.01753          0.3818               1
         0.3849         0.05265        0.001492         0.01767           0.385               1
         0.3881         0.05445        0.001418          0.0178          0.3882               1
         0.3913         0.05616        0.001812         0.01794          0.3913               1
         0.3945         0.05301        0.002033         0.01808          0.3945               1
         0.3977         0.05434        0.001958         0.01821          0.3977               1
         0.4008         0.05074        0.002027         0.01835          0.4008               1
          0.404          0.0512        0.001946         0.01848           0.404               1
         0.4071          0.0472        0.002151         0.01862          0.4071               1
         0.4102         0.04995        0.002206         0.01875          0.4103               1
         0.4134         0.04397        0.002763         0.01889          0.4134               1
         0.4165          0.0509        0.002847         0.01902          0.4165               1
         0.4196         0.04502        0.002453         0.01915          0.4196               1
         0.4227         0.04547        0.003983         0.01929          0.4227               1
         0.4258         0.05191        0.003408         0.01942          0.4258               1
         0.4288         0.05028        0.004051         0.01955          0.4288               1
         0.4319         0.03773        0.004171         0.01969          0.4319               1
          0.435         0.04398         0.00788         0.01982           0.435               1
          0.438         0.04192               1         0.01995           0.438               1
