FILE CREATED: Tue, Jun 26, 2007 
NSORT-ed   Jun07156.ABS 	  +  Jun07158.ABS	  + none
normalized to   Jun07158.ABS
multiplicative factor 1-2 =   0.93425233	 multiplicative factor 2-3 =            1
The 6 columns are | Q (1/A) | I(Q) (1/cm) | std. dev. I(Q) (1/cm) | sigmaQ | meanQ | ShadowFactor|
       0.002224            2539            80.4       0.0005223        0.002283          0.9972
       0.002567            1584           44.76       0.0005246        0.002617               1
       0.002909            1051           23.31       0.0005271        0.002953               1
       0.003251           757.2           13.45       0.0005304        0.003291               1
       0.003593           564.9           9.147       0.0005342        0.003629               1
       0.003936           451.4           6.298       0.0005386        0.003968               1
       0.004278           360.6            5.89       0.0005434        0.004308               1
        0.00462           296.7           3.898       0.0005487        0.004648               1
       0.004962           250.5           3.572       0.0005544        0.004988               1
       0.005304           212.1           2.862       0.0005605        0.005329               1
       0.005647           180.3           2.543        0.000567        0.005669               1
       0.005989           162.1           2.287       0.0005738         0.00601               1
       0.006331           137.6           2.376       0.0005809        0.006351               1
       0.006673           127.7           2.181       0.0005884        0.006692               1
       0.007015             113           1.737       0.0005962        0.007034               1
       0.007358           100.3           1.811       0.0006042        0.007375               1
         0.0077           84.85           1.551       0.0006126        0.007717               1
       0.008042           81.86           1.441       0.0006212        0.008058               1
       0.008384           73.61             1.4         0.00063          0.0084               1
       0.008726           67.26           1.258       0.0006391        0.008741               1
       0.009069           61.13           1.232       0.0006485        0.009083               1
       0.009411           53.17           1.182        0.000658        0.009424               1
       0.009753           51.78           1.112       0.0006678        0.009766               1
         0.0101            48.1           1.181       0.0006778         0.01011               1
        0.01044            41.7           1.092        0.000688         0.01045               1
        0.01078           41.67           1.072       0.0006983         0.01079               1
        0.01112           37.48          0.9343       0.0007088         0.01113               1
        0.01146              35           0.877       0.0007196         0.01148               1
        0.01181           32.14          0.9399       0.0007304         0.01182               1
        0.01215           29.78          0.8119       0.0007414         0.01216               1
        0.01249           27.96          0.8597       0.0007526          0.0125               1
        0.01283           27.31          0.7318       0.0007639         0.01284               1
        0.01317           26.68          0.7105       0.0007753         0.01318               1
        0.01352           24.22           0.705       0.0007869         0.01353               1
        0.01386           22.46          0.7059       0.0007986         0.01387               1
         0.0142           23.07          0.6343       0.0008104         0.01421               1
        0.01454           19.53          0.6392       0.0008223         0.01455               1
        0.01489           20.53          0.6326       0.0008344         0.01489               1
        0.01523            18.4          0.5638       0.0008465         0.01524               1
        0.01557           18.52          0.5597       0.0008587         0.01558               1
        0.01591            17.6          0.5612       0.0008711         0.01592               1
        0.01625           17.26          0.5075       0.0008835         0.01626               1
         0.0166           15.79          0.5256        0.000896          0.0166               1
        0.01694           13.74          0.4508       0.0009086         0.01695               1
        0.01728           14.95          0.5272       0.0009212         0.01729               1
        0.01762           13.71           0.466        0.000934         0.01763               1
        0.01796           13.26          0.4036       0.0009468         0.01797               1
        0.01831           13.96          0.4748       0.0009597         0.01831               1
        0.01865           12.24          0.4428       0.0009726         0.01866               1
        0.01899           11.44          0.4568       0.0009856           0.019               1
        0.01933           12.15           0.427       0.0009987         0.01934               1
        0.01968           11.52          0.4019        0.001012         0.01968               1
        0.02002           11.31          0.3918        0.001025         0.02002               1
        0.02036           11.02            0.45        0.001038         0.02037               1
         0.0207           10.05          0.4397        0.001052         0.02071               1
        0.02104           9.772          0.4402        0.001065         0.02105               1
        0.02139           10.19           0.375        0.001078         0.02139               1
        0.02173           8.871          0.4011        0.001092         0.02173               1
        0.02207           9.116          0.3924        0.001105         0.02208               1
        0.02241           9.123          0.4602        0.001119         0.02242               1
        0.02275           8.475          0.4273        0.001132         0.02276               1
         0.0231           8.324          0.4213        0.001146          0.0231               1
        0.02344           7.689          0.4475         0.00116         0.02344               1
        0.02378           8.861          0.4497        0.001173         0.02379               1
        0.02412           7.889          0.4288        0.001187         0.02413               1
        0.02446           7.951          0.4015        0.001201         0.02447               1
        0.02481           7.282          0.3744        0.001215         0.02481               1
        0.02515           7.169          0.3852        0.001229         0.02515               1
        0.02549           6.794          0.3837        0.001242         0.02549               1
        0.02583           7.048          0.4127        0.001256         0.02584               1
        0.02617           6.684            0.39         0.00127         0.02618               1
        0.02652           6.222          0.3304        0.001284         0.02652               1
        0.02686           6.021          0.4369        0.001298         0.02686               1
         0.0272           6.024          0.3833        0.001312          0.0272               1
        0.02754           6.445           0.416        0.001326         0.02755               1
        0.02788           6.349          0.3748         0.00134         0.02789               1
        0.02804           5.824         0.06658        0.004752         0.02841               1
        0.02823           5.657          0.3803        0.001355         0.02823               1
        0.02857           5.575          0.3204        0.001369         0.02857               1
        0.02891           6.039          0.3787        0.001383         0.02891               1
        0.02925           5.452          0.3119        0.001397         0.02926               1
        0.02959           5.317           0.355        0.001411          0.0296               1
        0.02994           4.955          0.2999        0.001425         0.02994               1
        0.03028           5.064          0.3259         0.00144         0.03028               1
        0.03062           4.973          0.3401        0.001454         0.03062               1
        0.03096           4.578          0.3011        0.001468         0.03097               1
         0.0313           4.101          0.3355        0.001482         0.03131               1
        0.03164            4.98          0.3394        0.001497         0.03165               1
        0.03178            4.68         0.06467        0.004792         0.03211               1
        0.03199            4.39          0.3632        0.001511         0.03199               1
        0.03233           4.422          0.3151        0.001525         0.03233               1
        0.03267           4.049          0.3027         0.00154         0.03267               1
        0.03301           3.962           0.326        0.001554         0.03302               1
        0.03335           4.625          0.3387        0.001568         0.03336               1
         0.0337               4          0.2938        0.001583          0.0337               1
        0.03404           4.101          0.3218        0.001597         0.03404               1
        0.03438           3.361          0.3196        0.001612         0.03438               1
        0.03472           3.528          0.3094        0.001626         0.03472               1
        0.03506           3.869          0.3194        0.001641         0.03507               1
         0.0354           3.233          0.3042        0.001655         0.03541               1
        0.03552           3.696         0.04835        0.004839         0.03581               1
        0.03575           2.927           0.288         0.00167         0.03575               1
        0.03609           3.554           0.307        0.001684         0.03609               1
        0.03643           3.207          0.2595        0.001699         0.03643               1
        0.03677           3.109          0.2663        0.001713         0.03678               1
        0.03711           3.426           0.296        0.001728         0.03712               1
        0.03746           2.949          0.2792        0.001742         0.03746               1
         0.0378           3.148          0.2671        0.001757          0.0378               1
        0.03814            4.26          0.3564        0.001771         0.03814               1
        0.03848           2.682          0.3137        0.001786         0.03848               1
        0.03882           2.754           0.355          0.0018         0.03883               1
        0.03916           2.715          0.3831        0.001815         0.03917               1
        0.03925           2.949         0.03198        0.004892         0.03951               1
        0.03951           3.102          0.4225         0.00183         0.03951               1
        0.03985           2.899          0.4159        0.001844         0.03985               1
        0.04019           2.812          0.4834        0.001859         0.04019               1
        0.04298           2.417         0.02525        0.004951         0.04322               1
        0.04672           1.994         0.02087        0.005016         0.04694               1
        0.05045           1.686         0.01419        0.005085         0.05065               1
        0.05418           1.466          0.0126        0.005159         0.05437               1
         0.0579           1.264         0.01061        0.005237         0.05808               1
        0.06163           1.143        0.007662        0.005319          0.0618               1
        0.06536           1.044        0.007725        0.005405         0.06551               1
        0.06908          0.9602        0.007723        0.005495         0.06923               1
         0.0728          0.8985        0.006864        0.005588         0.07294               1
        0.07652            0.85        0.005476        0.005685         0.07665               1
        0.08023          0.8031        0.005452        0.005784         0.08036               1
        0.08395          0.7715        0.005222        0.005887         0.08407               1
        0.08766          0.7368        0.005107        0.005992         0.08778               1
        0.09137          0.7113        0.004883          0.0061         0.09148               1
        0.09508          0.6946        0.004329         0.00621         0.09518               1
        0.09878           0.679        0.004781        0.006322         0.09888               1
         0.1025          0.6576        0.004508        0.006437          0.1026               1
         0.1062          0.6557        0.004839        0.006554          0.1063               1
         0.1099           0.637         0.00405        0.006672            0.11               1
         0.1136          0.6264        0.003795        0.006793          0.1137               1
         0.1173          0.6245        0.004231        0.006915          0.1173               1
         0.1209          0.6138        0.004158        0.007038           0.121               1
         0.1246          0.6066        0.004238        0.007164          0.1247               1
         0.1283          0.5975        0.004034         0.00729          0.1284               1
          0.132          0.6077        0.004016        0.007418          0.1321               1
         0.1357          0.5951         0.00382        0.007547          0.1357               1
         0.1393          0.5931        0.004223        0.007677          0.1394               1
          0.143          0.5876        0.003923        0.007808          0.1431               1
         0.1466          0.5883        0.004279        0.007941          0.1467               1
         0.1503          0.5852        0.004058        0.008074          0.1504               1
          0.154          0.5844        0.003739        0.008208           0.154               1
         0.1576          0.5803        0.003343        0.008343          0.1577               1
         0.1612          0.5766        0.003922        0.008479          0.1613               1
         0.1649          0.5711        0.003846        0.008615          0.1649               1
         0.1685          0.5726        0.003771        0.008752          0.1686               1
         0.1721          0.5685        0.003663         0.00889          0.1722               1
         0.1758          0.5678        0.003596        0.009029          0.1758               1
         0.1794          0.5637        0.003636        0.009167          0.1794               1
          0.183           0.561        0.003197        0.009307          0.1831               1
         0.1866          0.5531        0.003586        0.009447          0.1867               1
         0.1902          0.5528        0.003847        0.009587          0.1903               1
         0.1938          0.5382        0.003502        0.009728          0.1939               1
         0.1974          0.5336         0.00387        0.009869          0.1975               1
          0.201          0.5229        0.003872         0.01001          0.2011               1
         0.2046          0.5173        0.003851         0.01015          0.2046               1
         0.2082          0.5018        0.003889         0.01029          0.2082               1
         0.2117          0.4961        0.003927         0.01044          0.2118               1
         0.2153          0.4832        0.003664         0.01058          0.2154               1
         0.2189          0.4741        0.003866         0.01072          0.2189               1
         0.2224          0.4558        0.003675         0.01086          0.2225               1
          0.226          0.4468        0.004188         0.01101           0.226               1
         0.2295          0.4424        0.004176         0.01115          0.2296               1
         0.2331          0.4236        0.003988         0.01129          0.2331               1
         0.2366          0.4145        0.003431         0.01144          0.2366               1
         0.2401           0.409        0.004141         0.01158          0.2402               1
         0.2436          0.3897        0.004332         0.01172          0.2437               1
         0.2472          0.3806        0.003583         0.01187          0.2472               1
         0.2507          0.3667        0.004192         0.01201          0.2507               1
         0.2542           0.356        0.003673         0.01216          0.2542               1
         0.2577          0.3393        0.003596          0.0123          0.2577               1
         0.2611          0.3267        0.003698         0.01244          0.2612               1
         0.2646           0.311        0.003394         0.01259          0.2647               1
         0.2681           0.297        0.003592         0.01273          0.2681               1
         0.2716          0.2896        0.004184         0.01287          0.2716               1
          0.275           0.276        0.003603         0.01302          0.2751               1
         0.2785          0.2675        0.003724         0.01316          0.2785               1
         0.2819          0.2476        0.003455         0.01331          0.2819               1
         0.2854          0.2369         0.00358         0.01345          0.2854               1
         0.2888          0.2265        0.003051         0.01359          0.2888               1
         0.2922          0.2122         0.00325         0.01373          0.2922               1
         0.2956          0.2032        0.002985         0.01388          0.2957               1
          0.299          0.1832        0.002989         0.01402          0.2991               1
         0.3024          0.1769        0.002951         0.01416          0.3025               1
         0.3058          0.1615        0.002763         0.01431          0.3059               1
         0.3092          0.1521        0.002756         0.01445          0.3093               1
         0.3126          0.1426         0.00289         0.01459          0.3126               1
          0.316          0.1317        0.002587         0.01473           0.316               1
         0.3193          0.1223        0.002106         0.01487          0.3194               1
         0.3227          0.1172        0.002112         0.01502          0.3227               1
          0.326          0.1084        0.002144         0.01516          0.3261               1
         0.3294          0.1026         0.00223          0.0153          0.3294               1
         0.3327         0.09542        0.001948         0.01544          0.3327               1
          0.336         0.08974        0.001885         0.01558          0.3361               1
         0.3394         0.08726        0.001837         0.01572          0.3394               1
         0.3427         0.08005        0.001797         0.01586          0.3427               1
          0.346         0.07684        0.001638           0.016           0.346               1
         0.3493         0.07744        0.001753         0.01614          0.3493               1
         0.3525         0.07056        0.001833         0.01628          0.3526               1
         0.3558         0.06704        0.001741         0.01642          0.3559               1
         0.3591         0.06564        0.001524         0.01656          0.3591               1
         0.3624         0.06005         0.00147          0.0167          0.3624               1
         0.3656         0.06298        0.001563         0.01684          0.3656               1
         0.3688         0.06022        0.001498         0.01698          0.3689               1
         0.3721         0.05738         0.00152         0.01712          0.3721               1
         0.3753         0.05822        0.001362         0.01725          0.3753               1
         0.3785         0.05762        0.001743         0.01739          0.3786               1
         0.3817         0.05885        0.001587         0.01753          0.3818               1
         0.3849         0.05588        0.001381         0.01767           0.385               1
         0.3881         0.05292        0.001659          0.0178          0.3882               1
         0.3913         0.05537        0.001675         0.01794          0.3913               1
         0.3945         0.05184         0.00166         0.01808          0.3945               1
         0.3977          0.0523        0.001877         0.01821          0.3977               1
         0.4008         0.04842        0.001863         0.01835          0.4008               1
          0.404         0.05251        0.002137         0.01848           0.404               1
         0.4071         0.04678        0.002011         0.01862          0.4071               1
         0.4102         0.04794        0.002602         0.01875          0.4103               1
         0.4134         0.04712        0.002254         0.01889          0.4134               1
         0.4165         0.05043        0.002273         0.01902          0.4165               1
         0.4196         0.04409        0.002664         0.01915          0.4196               1
         0.4227         0.04719        0.003017         0.01929          0.4227               1
         0.4258         0.04443        0.003637         0.01942          0.4258               1
         0.4288         0.04141        0.003122         0.01955          0.4288               1
         0.4319         0.04176        0.003421         0.01969          0.4319               1
          0.435         0.03822        0.004165         0.01982           0.435               1
          0.438        0.008171               1         0.01995           0.438               1
