FILE CREATED: Tue, Jun 26, 2007 
NSORT-ed   Jun07144.ABS 	  +  Jun07146.ABS	  + none
normalized to   Jun07146.ABS
multiplicative factor 1-2 =   0.93425233	 multiplicative factor 2-3 =            1
The 6 columns are | Q (1/A) | I(Q) (1/cm) | std. dev. I(Q) (1/cm) | sigmaQ | meanQ | ShadowFactor|
       0.002224            3039           94.27       0.0005223        0.002283          0.9972
       0.002567            1872           51.61       0.0005246        0.002617               1
       0.002909            1270           25.36       0.0005271        0.002953               1
       0.003251           913.9           17.09       0.0005304        0.003291               1
       0.003593           689.3           10.65       0.0005342        0.003629               1
       0.003936           537.6           8.092       0.0005386        0.003968               1
       0.004278           433.3           5.767       0.0005434        0.004308               1
        0.00462           366.8           5.065       0.0005487        0.004648               1
       0.004962           304.2           4.342       0.0005544        0.004988               1
       0.005304           258.7           3.859       0.0005605        0.005329               1
       0.005647           224.1           3.173        0.000567        0.005669               1
       0.005989           198.9            2.98       0.0005738         0.00601               1
       0.006331           167.6           2.618       0.0005809        0.006351               1
       0.006673           153.1            2.37       0.0005884        0.006692               1
       0.007015           135.2           2.142       0.0005962        0.007034               1
       0.007358           127.8           2.053       0.0006042        0.007375               1
         0.0077           113.9            1.87       0.0006126        0.007717               1
       0.008042           100.8           1.826       0.0006212        0.008058               1
       0.008384            93.8           1.827         0.00063          0.0084               1
       0.008726           86.01           1.592       0.0006391        0.008741               1
       0.009069           80.22           1.687       0.0006485        0.009083               1
       0.009411           75.04           1.487        0.000658        0.009424               1
       0.009753           70.84           1.344       0.0006678        0.009766               1
         0.0101           63.69           1.192       0.0006778         0.01011               1
        0.01044           59.34           1.245        0.000688         0.01045               1
        0.01078           55.06           1.144       0.0006983         0.01079               1
        0.01112           51.81           1.007       0.0007088         0.01113               1
        0.01146           49.08            1.03       0.0007196         0.01148               1
        0.01181           45.47           0.849       0.0007304         0.01182               1
        0.01215           42.97          0.9473       0.0007414         0.01216               1
        0.01249           40.57          0.9455       0.0007526          0.0125               1
        0.01283           40.01          0.9308       0.0007639         0.01284               1
        0.01317           37.14            0.85       0.0007753         0.01318               1
        0.01352           35.15          0.8428       0.0007869         0.01353               1
        0.01386           35.09          0.8547       0.0007986         0.01387               1
         0.0142           32.09          0.7274       0.0008104         0.01421               1
        0.01454           31.33          0.7376       0.0008223         0.01455               1
        0.01489           30.31          0.6914       0.0008344         0.01489               1
        0.01523           28.91          0.7263       0.0008465         0.01524               1
        0.01557           27.22           0.654       0.0008587         0.01558               1
        0.01591           27.85          0.7088       0.0008711         0.01592               1
        0.01625           25.84          0.6465       0.0008835         0.01626               1
         0.0166           24.69          0.6628        0.000896          0.0166               1
        0.01694           23.94          0.6404       0.0009086         0.01695               1
        0.01728           22.76          0.5483       0.0009212         0.01729               1
        0.01762           20.96          0.6046        0.000934         0.01763               1
        0.01796           22.18          0.5467       0.0009468         0.01797               1
        0.01831           20.22           0.594       0.0009597         0.01831               1
        0.01865           20.46           0.556       0.0009726         0.01866               1
        0.01899           20.16           0.595       0.0009856           0.019               1
        0.01933              19          0.4963       0.0009987         0.01934               1
        0.01968           18.97          0.5406        0.001012         0.01968               1
        0.02002           19.12          0.5169        0.001025         0.02002               1
        0.02036           17.72          0.5118        0.001038         0.02037               1
         0.0207            17.8          0.5264        0.001052         0.02071               1
        0.02104            16.1          0.5003        0.001065         0.02105               1
        0.02139           16.51          0.4928        0.001078         0.02139               1
        0.02173           15.78           0.506        0.001092         0.02173               1
        0.02207           15.43            0.56        0.001105         0.02208               1
        0.02241           14.33          0.5896        0.001119         0.02242               1
        0.02275           15.42          0.5647        0.001132         0.02276               1
         0.0231           15.24          0.5497        0.001146          0.0231               1
        0.02344           13.85          0.5345         0.00116         0.02344               1
        0.02378           13.51          0.5321        0.001173         0.02379               1
        0.02412           12.46            0.52        0.001187         0.02413               1
        0.02446            13.9          0.5348        0.001201         0.02447               1
        0.02481           13.57          0.5682        0.001215         0.02481               1
        0.02515           12.65          0.4892        0.001229         0.02515               1
        0.02549           11.81          0.5237        0.001242         0.02549               1
        0.02583           11.79          0.5162        0.001256         0.02584               1
        0.02617           12.26          0.5206         0.00127         0.02618               1
        0.02652           11.26          0.5277        0.001284         0.02652               1
        0.02686            12.5            0.51        0.001298         0.02686               1
         0.0272           11.29          0.5336        0.001312          0.0272               1
        0.02754           10.24          0.4899        0.001326         0.02755               1
        0.02788           9.688          0.4749         0.00134         0.02789               1
        0.02804           10.31          0.1099        0.004752         0.02841               1
        0.02823           10.62          0.4778        0.001355         0.02823               1
        0.02857            9.52          0.4322        0.001369         0.02857               1
        0.02891           9.623          0.4311        0.001383         0.02891               1
        0.02925           9.875          0.4474        0.001397         0.02926               1
        0.02959           8.977          0.4437        0.001411          0.0296               1
        0.02994           8.492          0.3908        0.001425         0.02994               1
        0.03028           9.707          0.4641         0.00144         0.03028               1
        0.03062           8.523           0.423        0.001454         0.03062               1
        0.03096           8.798          0.3957        0.001468         0.03097               1
         0.0313            8.28          0.4116        0.001482         0.03131               1
        0.03164           7.922          0.3816        0.001497         0.03165               1
        0.03178            8.33          0.1152        0.004792         0.03211               1
        0.03199           7.874          0.4728        0.001511         0.03199               1
        0.03233           7.724          0.4113        0.001525         0.03233               1
        0.03267           7.229           0.374         0.00154         0.03267               1
        0.03301           7.145          0.4206        0.001554         0.03302               1
        0.03335           6.857           0.413        0.001568         0.03336               1
         0.0337           6.421          0.3885        0.001583          0.0337               1
        0.03404            6.27          0.3914        0.001597         0.03404               1
        0.03438           7.203          0.4429        0.001612         0.03438               1
        0.03472           7.141          0.3718        0.001626         0.03472               1
        0.03506           6.397          0.3771        0.001641         0.03507               1
         0.0354           6.494          0.4094        0.001655         0.03541               1
        0.03552           6.518         0.08322        0.004839         0.03581               1
        0.03575           6.671          0.3939         0.00167         0.03575               1
        0.03609           6.567          0.4058        0.001684         0.03609               1
        0.03643           5.794          0.3935        0.001699         0.03643               1
        0.03677           6.019          0.3816        0.001713         0.03678               1
        0.03711           6.073          0.3602        0.001728         0.03712               1
        0.03746            5.35          0.3564        0.001742         0.03746               1
         0.0378           5.767          0.3595        0.001757          0.0378               1
        0.03814           4.468          0.3782        0.001771         0.03814               1
        0.03848           4.805          0.3911        0.001786         0.03848               1
        0.03882           5.147          0.4666          0.0018         0.03883               1
        0.03916           5.592          0.3948        0.001815         0.03917               1
        0.03925           5.104         0.06423        0.004892         0.03951               1
        0.03951           4.973          0.5619         0.00183         0.03951               1
        0.03985           3.876           0.502        0.001844         0.03985               1
        0.04019           4.251          0.5305        0.001859         0.04019               1
        0.04298           3.992         0.04831        0.004951         0.04322               1
        0.04672           3.209         0.03408        0.005016         0.04694               1
        0.05045           2.588         0.02699        0.005085         0.05065               1
        0.05418           2.128         0.02068        0.005159         0.05437               1
         0.0579           1.791         0.01649        0.005237         0.05808               1
        0.06163           1.526         0.01297        0.005319          0.0618               1
        0.06536           1.343         0.01089        0.005405         0.06551               1
        0.06908            1.19        0.009613        0.005495         0.06923               1
         0.0728           1.079        0.008097        0.005588         0.07294               1
        0.07652          0.9797        0.006102        0.005685         0.07665               1
        0.08023          0.9053        0.006898        0.005784         0.08036               1
        0.08395          0.8602        0.005492        0.005887         0.08407               1
        0.08766          0.8081        0.006159        0.005992         0.08778               1
        0.09137          0.7831        0.006084          0.0061         0.09148               1
        0.09508           0.745        0.004567         0.00621         0.09518               1
        0.09878          0.7229        0.004202        0.006322         0.09888               1
         0.1025          0.7045        0.004949        0.006437          0.1026               1
         0.1062          0.6822        0.004602        0.006554          0.1063               1
         0.1099          0.6756        0.004718        0.006672            0.11               1
         0.1136          0.6626        0.005185        0.006793          0.1137               1
         0.1173          0.6471        0.004827        0.006915          0.1173               1
         0.1209          0.6409        0.004779        0.007038           0.121               1
         0.1246          0.6313        0.004023        0.007164          0.1247               1
         0.1283           0.628        0.004177         0.00729          0.1284               1
          0.132          0.6147        0.003578        0.007418          0.1321               1
         0.1357          0.6156        0.004288        0.007547          0.1357               1
         0.1393          0.6094        0.003736        0.007677          0.1394               1
          0.143          0.6003        0.003954        0.007808          0.1431               1
         0.1466          0.5985        0.004194        0.007941          0.1467               1
         0.1503          0.5946        0.003742        0.008074          0.1504               1
          0.154          0.5994         0.00414        0.008208           0.154               1
         0.1576          0.5975        0.003504        0.008343          0.1577               1
         0.1612          0.5919        0.003497        0.008479          0.1613               1
         0.1649          0.5874        0.003792        0.008615          0.1649               1
         0.1685          0.5856        0.003662        0.008752          0.1686               1
         0.1721          0.5757        0.003676         0.00889          0.1722               1
         0.1758          0.5786         0.00368        0.009029          0.1758               1
         0.1794          0.5732        0.003353        0.009167          0.1794               1
          0.183          0.5715         0.00375        0.009307          0.1831               1
         0.1866          0.5697        0.003812        0.009447          0.1867               1
         0.1902          0.5521        0.003394        0.009587          0.1903               1
         0.1938          0.5454        0.003429        0.009728          0.1939               1
         0.1974          0.5396         0.00369        0.009869          0.1975               1
          0.201          0.5262        0.003692         0.01001          0.2011               1
         0.2046          0.5228        0.003932         0.01015          0.2046               1
         0.2082          0.5216        0.004163         0.01029          0.2082               1
         0.2117          0.5054        0.003819         0.01044          0.2118               1
         0.2153          0.4865        0.004027         0.01058          0.2154               1
         0.2189          0.4795        0.004038         0.01072          0.2189               1
         0.2224          0.4684        0.003942         0.01086          0.2225               1
          0.226          0.4562        0.004295         0.01101           0.226               1
         0.2295            0.45        0.004242         0.01115          0.2296               1
         0.2331          0.4314        0.004051         0.01129          0.2331               1
         0.2366          0.4262        0.004297         0.01144          0.2366               1
         0.2401          0.4108        0.004009         0.01158          0.2402               1
         0.2436          0.3972        0.003665         0.01172          0.2437               1
         0.2472          0.3879        0.004096         0.01187          0.2472               1
         0.2507          0.3743        0.003881         0.01201          0.2507               1
         0.2542          0.3601        0.003934         0.01216          0.2542               1
         0.2577          0.3407         0.00346          0.0123          0.2577               1
         0.2611          0.3267        0.003664         0.01244          0.2612               1
         0.2646          0.3184        0.003942         0.01259          0.2647               1
         0.2681          0.3022        0.003923         0.01273          0.2681               1
         0.2716          0.2921        0.003776         0.01287          0.2716               1
          0.275          0.2738        0.003605         0.01302          0.2751               1
         0.2785           0.265        0.003524         0.01316          0.2785               1
         0.2819          0.2545         0.00358         0.01331          0.2819               1
         0.2854          0.2389        0.003135         0.01345          0.2854               1
         0.2888          0.2234        0.003307         0.01359          0.2888               1
         0.2922          0.2131        0.002913         0.01373          0.2922               1
         0.2956          0.2065        0.003279         0.01388          0.2957               1
          0.299           0.189        0.003164         0.01402          0.2991               1
         0.3024          0.1791        0.002968         0.01416          0.3025               1
         0.3058          0.1666        0.002657         0.01431          0.3059               1
         0.3092          0.1521        0.002496         0.01445          0.3093               1
         0.3126          0.1457        0.002571         0.01459          0.3126               1
          0.316          0.1332         0.00249         0.01473           0.316               1
         0.3193           0.125        0.002579         0.01487          0.3194               1
         0.3227          0.1171        0.002281         0.01502          0.3227               1
          0.326           0.107        0.002143         0.01516          0.3261               1
         0.3294           0.101        0.002147          0.0153          0.3294               1
         0.3327         0.09963        0.002182         0.01544          0.3327               1
          0.336         0.08829        0.001842         0.01558          0.3361               1
         0.3394         0.08526        0.001893         0.01572          0.3394               1
         0.3427         0.08497        0.001589         0.01586          0.3427               1
          0.346         0.07779        0.001885           0.016           0.346               1
         0.3493         0.07642        0.001662         0.01614          0.3493               1
         0.3525         0.07121        0.001484         0.01628          0.3526               1
         0.3558         0.06772        0.001744         0.01642          0.3559               1
         0.3591         0.06476        0.001696         0.01656          0.3591               1
         0.3624         0.06458        0.001624          0.0167          0.3624               1
         0.3656         0.06391        0.001377         0.01684          0.3656               1
         0.3688         0.06201        0.001677         0.01698          0.3689               1
         0.3721         0.06116        0.001582         0.01712          0.3721               1
         0.3753         0.05779        0.001313         0.01725          0.3753               1
         0.3785         0.05971        0.001523         0.01739          0.3786               1
         0.3817         0.05684         0.00154         0.01753          0.3818               1
         0.3849         0.05564        0.001408         0.01767           0.385               1
         0.3881         0.05407         0.00156          0.0178          0.3882               1
         0.3913         0.05521        0.001582         0.01794          0.3913               1
         0.3945         0.05268        0.001795         0.01808          0.3945               1
         0.3977         0.05186        0.001703         0.01821          0.3977               1
         0.4008         0.05236        0.001889         0.01835          0.4008               1
          0.404         0.05007        0.002189         0.01848           0.404               1
         0.4071         0.05061        0.002416         0.01862          0.4071               1
         0.4102         0.04671         0.00216         0.01875          0.4103               1
         0.4134         0.05035        0.002606         0.01889          0.4134               1
         0.4165         0.04478        0.002778         0.01902          0.4165               1
         0.4196         0.04739        0.002875         0.01915          0.4196               1
         0.4227         0.04754        0.003581         0.01929          0.4227               1
         0.4258         0.04356        0.003424         0.01942          0.4258               1
         0.4288          0.0458        0.003166         0.01955          0.4288               1
         0.4319         0.04875         0.00404         0.01969          0.4319               1
          0.435         0.04257        0.004933         0.01982           0.435               1
          0.438         0.04238               1         0.01995           0.438               1
