Macintosh HD:Users:johnbark:Desktop:Yuri:CGCOA093_cor_dsm.txt
Chi^2 = 0.999972   PowerLaw m = -1.98   Iterations = 3499
1 box smooth passes and 0 smoothing spline passes
CREATED: Tue, Jul 17, 2007 at  3:46:41 PM
    2.83103e-05     7.30283e+08     1.74437e+07     2.83103e-07     2.83103e-05               1
    3.10853e-05     5.60422e+08      1.2606e+07     3.10853e-07     3.10853e-05               1
    3.38603e-05     4.26305e+08     1.09764e+07     3.38603e-07     3.38603e-05               1
    3.94103e-05     2.73034e+08     3.90375e+06     3.94103e-07     3.94103e-05               1
    4.49603e-05      1.7117e+08     2.86048e+06     4.49603e-07     4.49603e-05               1
    5.05103e-05     1.16011e+08     2.23022e+06     5.05103e-07     5.05103e-05               1
    5.60603e-05     8.15382e+07     1.82995e+06     5.60603e-07     5.60603e-05               1
    6.16103e-05     5.98606e+07     1.48232e+06     6.16103e-07     6.16103e-05               1
    6.71603e-05     4.51572e+07     1.27035e+06     6.71603e-07     6.71603e-05               1
    7.27103e-05     3.53789e+07     1.07177e+06     7.27103e-07     7.27103e-05               1
    7.82603e-05     2.74018e+07          908194     7.82603e-07     7.82603e-05               1
    8.38103e-05     2.09431e+07          781954     8.38103e-07     8.38103e-05               1
    8.93603e-05     1.67171e+07          660970     8.93603e-07     8.93603e-05               1
    9.49103e-05     1.43444e+07          643941     9.49103e-07     9.49103e-05               1
     0.00010046     1.25569e+07          585701      1.0046e-06      0.00010046               1
     0.00010601     1.07779e+07          560449      1.0601e-06      0.00010601               1
     0.00011156     9.48546e+06          383764      1.1156e-06      0.00011156               1
     0.00012266     7.44904e+06          320165      1.2266e-06      0.00012266               1
     0.00013376     5.74529e+06          274642      1.3376e-06      0.00013376               1
     0.00014486     4.26841e+06          225004      1.4486e-06      0.00014486               1
     0.00015596      3.1124e+06          194980      1.5596e-06      0.00015596               1
     0.00016706     2.44873e+06          165827      1.6706e-06      0.00016706               1
     0.00017816     1.98963e+06          147626      1.7816e-06      0.00017816               1
     0.00018926     1.66892e+06          126306      1.8926e-06      0.00018926               1
     0.00020036     1.36692e+06          109851      2.0036e-06      0.00020036               1
     0.00021146     1.09796e+06         98470.4      2.1146e-06      0.00021146               1
     0.00022256          910783         84313.6      2.2256e-06      0.00022256               1
     0.00023366          774801         80544.3      2.3366e-06      0.00023366               1
     0.00024476          672795         77596.1      2.4476e-06      0.00024476               1
     0.00025586          587927           68587      2.5586e-06      0.00025586               1
     0.00026696          501477           71488      2.6696e-06      0.00026696               1
     0.00027806          450641         68536.6      2.7806e-06      0.00027806               1
     0.00030581          333575         56713.8      3.0581e-06      0.00030581               1
     0.00033356          265700         47722.5      3.3356e-06      0.00033356               1
     0.00036131          212437         38549.3      3.6131e-06      0.00036131               1
     0.00038906          182653         36194.2      3.8906e-06      0.00038906               1
     0.00041681          179120         32038.1      4.1681e-06      0.00041681               1
     0.00044456          162285         28434.5      4.4456e-06      0.00044456               1
     0.00047231          135256         23699.4      4.7231e-06      0.00047231               1
     0.00050006          107348         20599.5      5.0006e-06      0.00050006               1
     0.00052781         91254.1         20291.4      5.2781e-06      0.00052781               1
     0.00055556         80272.2         12008.8      5.5556e-06      0.00055556               1
     0.00066656         55625.2         8663.93      6.6656e-06      0.00066656               1
     0.00077756         39943.8         6751.77      7.7756e-06      0.00077756               1
     0.00088856         33421.2         5902.01      8.8856e-06      0.00088856               1
     0.00099956         25927.3         4816.22      9.9956e-06      0.00099956               1
     0.00111056         19456.1         3560.85     1.11056e-05      0.00111056               1
     0.00133256           12054          2391.6     1.33256e-05      0.00133256               1
     0.00155456         8656.16         1960.46     1.55456e-05      0.00155456               1
     0.00177656         5761.17         1392.56     1.77656e-05      0.00177656               1
     0.00199856         3476.59         934.038     1.99856e-05      0.00199856               1
     0.00222056         2980.06         777.016     2.22056e-05      0.00222056               1
     0.00244256          2204.5         691.898     2.44256e-05      0.00244256               1
     0.00266456          1589.6           473.9     2.66456e-05      0.00266456               1
