Macintosh HD:Users:johnbark:Desktop:Yuri:CGCOA082_COR_dsm.txt
Chi^2 = 0.999589   PowerLaw m = -2.44   Iterations = 35
1 box smooth passes and 0 smoothing spline passes
CREATED: Tue, Jul 17, 2007 at  3:42:22 PM
    2.79121e-05     3.28952e+09      3.2337e+07     2.79121e-07     2.79121e-05               1
    3.06871e-05     2.51781e+09     2.48371e+07     3.06871e-07     3.06871e-05               1
    3.34621e-05     1.93129e+09     2.15796e+07     3.34621e-07     3.34621e-05               1
    3.90121e-05     1.21028e+09     7.48228e+06     3.90121e-07     3.90121e-05               1
    4.45621e-05      7.6422e+08     5.45183e+06     4.45621e-07     4.45621e-05               1
    5.01121e-05     5.16448e+08     4.25492e+06     5.01121e-07     5.01121e-05               1
    5.56621e-05     3.66217e+08     3.35373e+06     5.56621e-07     5.56621e-05               1
    6.12121e-05     2.66535e+08     2.70837e+06     6.12121e-07     6.12121e-05               1
    6.67621e-05     1.99439e+08     2.24653e+06     6.67621e-07     6.67621e-05               1
    7.23121e-05     1.52872e+08     1.86004e+06     7.23121e-07     7.23121e-05               1
    7.78621e-05     1.19076e+08     1.56375e+06     7.78621e-07     7.78621e-05               1
    8.34121e-05     9.43118e+07     1.34731e+06     8.34121e-07     8.34121e-05               1
    8.89621e-05     7.65817e+07     1.15964e+06     8.89621e-07     8.89621e-05               1
    9.45121e-05     6.55652e+07     1.07277e+06     9.45121e-07     9.45121e-05               1
    0.000100062     5.86405e+07     1.02442e+06     1.00062e-06     0.000100062               1
    0.000105612     4.99291e+07          927029     1.05612e-06     0.000105612               1
    0.000111162     4.41816e+07          638781     1.11162e-06     0.000111162               1
    0.000122262     3.34029e+07          513845     1.22262e-06     0.000122262               1
    0.000133362      2.4719e+07          423461     1.33362e-06     0.000133362               1
    0.000144462     1.88186e+07          356988     1.44462e-06     0.000144462               1
    0.000155562     1.47765e+07          306479     1.55562e-06     0.000155562               1
    0.000166662     1.17783e+07          263289     1.66662e-06     0.000166662               1
    0.000177762     9.38686e+06          226732     1.77762e-06     0.000177762               1
    0.000188862     7.54513e+06          192312     1.88862e-06     0.000188862               1
    0.000199962     6.10894e+06          170829     1.99962e-06     0.000199962               1
    0.000211062     5.10757e+06          151151     2.11062e-06     0.000211062               1
    0.000222162     4.33516e+06          135810     2.22162e-06     0.000222162               1
    0.000233262     3.98953e+06          132583     2.33262e-06     0.000233262               1
    0.000244362     3.62782e+06          125131     2.44362e-06     0.000244362               1
    0.000255462     3.52248e+06          130986     2.55462e-06     0.000255462               1
    0.000266562     2.80289e+06          107380     2.66562e-06     0.000266562               1
    0.000277662      2.6188e+06         83619.6     2.77662e-06     0.000277662               1
    0.000305412     2.05564e+06           68577     3.05412e-06     0.000305412               1
    0.000333162     1.58443e+06         57737.6     3.33162e-06     0.000333162               1
    0.000360912     1.23816e+06         48270.2     3.60912e-06     0.000360912               1
    0.000388662          962300         41333.8     3.88662e-06     0.000388662               1
    0.000416412          758250         35689.8     4.16412e-06     0.000416412               1
    0.000444162          629977         30925.1     4.44162e-06     0.000444162               1
    0.000471912          539801         34555.8     4.71912e-06     0.000471912               1
    0.000499662          478127         25837.7     4.99662e-06     0.000499662               1
    0.000527412          399326         24053.1     5.27412e-06     0.000527412               1
    0.000555162          337164         18477.3     5.55162e-06     0.000555162               1
    0.000666162          209719         12712.7     6.66162e-06     0.000666162               1
    0.000777162          125573         9086.79     7.77162e-06     0.000777162               1
    0.000888162         91474.9         7711.96     8.88162e-06     0.000888162               1
    0.000999162         76371.6         7230.47     9.99162e-06     0.000999162               1
     0.00111016         64424.5         5875.16     1.11016e-05      0.00111016               1
     0.00133216         38337.4         3959.23     1.33216e-05      0.00133216               1
     0.00155416         18674.9         2398.38     1.55416e-05      0.00155416               1
     0.00177616         8614.67         1307.95     1.77616e-05      0.00177616               1
     0.00199816         5162.84         1019.35     1.99816e-05      0.00199816               1
     0.00222016         4755.88         916.558     2.22016e-05      0.00222016               1
     0.00244216         3934.58         792.662     2.44216e-05      0.00244216               1
     0.00266416         3164.76         653.172     2.66416e-05      0.00266416               1
