Macintosh HD:Users:johnbark:Desktop:Yuri:CGCOA063_cor_dsm.txt
Chi^2 = 0.994979   PowerLaw m = -3.04   Iterations = 46
1 box smooth passes and 0 smoothing spline passes
CREATED: Tue, Jul 17, 2007 at  3:39:19 PM
    2.74651e-05     3.85904e+09      3.3165e+07     2.74651e-07     2.74651e-05               1
    3.02401e-05     3.07702e+09     2.66984e+07     3.02401e-07     3.02401e-05               1
    3.30151e-05     2.36421e+09      2.3444e+07     3.30151e-07     3.30151e-05               1
    3.85651e-05      1.4669e+09     8.10085e+06     3.85651e-07     3.85651e-05               1
    4.41151e-05     9.21756e+08     5.93983e+06     4.41151e-07     4.41151e-05               1
    4.96651e-05     6.25851e+08     4.67515e+06     4.96651e-07     4.96651e-05               1
    5.52151e-05     4.45337e+08     3.67944e+06     5.52151e-07     5.52151e-05               1
    6.07651e-05     3.22317e+08     2.95447e+06     6.07651e-07     6.07651e-05               1
    6.63151e-05      2.3818e+08      2.4232e+06     6.63151e-07     6.63151e-05               1
    7.18651e-05     1.78691e+08      1.9595e+06     7.18651e-07     7.18651e-05               1
    7.74151e-05     1.35109e+08      1.6363e+06     7.74151e-07     7.74151e-05               1
    8.29651e-05     1.06125e+08     1.37791e+06     8.29651e-07     8.29651e-05               1
    8.85151e-05     8.99215e+07     1.28532e+06     8.85151e-07     8.85151e-05               1
    9.40651e-05     7.79271e+07     1.15895e+06     9.40651e-07     9.40651e-05               1
    9.96151e-05      7.0998e+07     1.15997e+06     9.96151e-07     9.96151e-05               1
    0.000105165     6.16594e+07     1.03737e+06     1.05165e-06     0.000105165               1
    0.000110715     5.43219e+07          712498     1.10715e-06     0.000110715               1
    0.000121815     4.11146e+07          575061     1.21815e-06     0.000121815               1
    0.000132915     3.03685e+07          467794     1.32915e-06     0.000132915               1
    0.000144015     2.25997e+07          391793     1.44015e-06     0.000144015               1
    0.000155115     1.72665e+07          323101     1.55115e-06     0.000155115               1
    0.000166215     1.32218e+07          277693     1.66215e-06     0.000166215               1
    0.000177315     1.03864e+07          229900     1.77315e-06     0.000177315               1
    0.000188415     8.10529e+06          198850     1.88415e-06     0.000188415               1
    0.000199515     6.56637e+06          169822     1.99515e-06     0.000199515               1
    0.000210615     5.46225e+06          154517     2.10615e-06     0.000210615               1
    0.000221715     4.87861e+06          144409     2.21715e-06     0.000221715               1
    0.000232815     4.46898e+06          139282     2.32815e-06     0.000232815               1
    0.000243915     4.07881e+06          134479     2.43915e-06     0.000243915               1
    0.000255015     3.85342e+06          133470     2.55015e-06     0.000255015               1
    0.000266115      3.2996e+06          117716     2.66115e-06     0.000266115               1
    0.000277215     3.05926e+06         89205.4     2.77215e-06     0.000277215               1
    0.000304965     2.38853e+06         72217.7     3.04965e-06     0.000304965               1
    0.000332715     1.78005e+06         58864.8     3.32715e-06     0.000332715               1
    0.000360465     1.35783e+06         48990.7     3.60465e-06     0.000360465               1
    0.000388215     1.06945e+06         41999.3     3.88215e-06     0.000388215               1
    0.000415965          862187         35548.9     4.15965e-06     0.000415965               1
    0.000443715          689858           31725     4.43715e-06     0.000443715               1
    0.000471465          570391         26100.8     4.71465e-06     0.000471465               1
    0.000499215          489049         26329.8     4.99215e-06     0.000499215               1
    0.000526965          399552         21338.3     5.26965e-06     0.000526965               1
    0.000554715          396243         20308.6     5.54715e-06     0.000554715               1
    0.000665715          267628         14186.3     6.65715e-06     0.000665715               1
    0.000776715          162720         10274.8     7.76715e-06     0.000776715               1
    0.000887715          107122         8196.46     8.87715e-06     0.000887715               1
    0.000998715         76010.7         6640.61     9.98715e-06     0.000998715               1
     0.00110972         58389.2         5245.56     1.10972e-05      0.00110972               1
     0.00133172         34519.8         3918.69     1.33172e-05      0.00133172               1
     0.00155372         20460.1         2355.55     1.55372e-05      0.00155372               1
     0.00177572         10465.3         1618.32     1.77572e-05      0.00177572               1
     0.00199772         6888.01         1159.24     1.99772e-05      0.00199772               1
     0.00221972         5240.58         1045.26     2.21972e-05      0.00221972               1
     0.00244172         4110.76         839.658     2.44172e-05      0.00244172               1
     0.00266372         3276.22         789.494     2.66372e-05      0.00266372               1
