Macintosh HD:Users:johnbark:Desktop:Yuri:CGCOA087_COR_dsm.txt
Chi^2 = 0.999627   PowerLaw m = -2.63   Iterations = 5490
1 box smooth passes and 0 smoothing spline passes
CREATED: Tue, Jul 17, 2007 at  3:44:46 PM
    2.87631e-05     2.47141e+09     2.62205e+07     2.87631e-07     2.87631e-05               1
    3.15381e-05     1.94963e+09     2.08164e+07     3.15381e-07     3.15381e-05               1
    3.43131e-05     1.51739e+09     1.84345e+07     3.43131e-07     3.43131e-05               1
    3.98631e-05     9.70834e+08     6.50322e+06     3.98631e-07     3.98631e-05               1
    4.54131e-05     6.16723e+08     4.82721e+06     4.54131e-07     4.54131e-05               1
    5.09631e-05     4.16398e+08     3.75253e+06     5.09631e-07     5.09631e-05               1
    5.65131e-05     2.94756e+08     2.97444e+06     5.65131e-07     5.65131e-05               1
    6.20631e-05     2.15363e+08     2.43209e+06     6.20631e-07     6.20631e-05               1
    6.76131e-05     1.62808e+08     2.00949e+06     6.76131e-07     6.76131e-05               1
    7.31631e-05      1.2489e+08     1.68845e+06     7.31631e-07     7.31631e-05               1
    7.87131e-05     9.78154e+07     1.42021e+06     7.87131e-07     7.87131e-05               1
    8.42631e-05     7.82623e+07     1.22322e+06     8.42631e-07     8.42631e-05               1
    8.98131e-05     6.40725e+07     1.08341e+06     8.98131e-07     8.98131e-05               1
    9.53631e-05     5.54196e+07          987668     9.53631e-07     9.53631e-05               1
    0.000100913     4.80939e+07          930212     1.00913e-06     0.000100913               1
    0.000106463     4.25279e+07          863492     1.06463e-06     0.000106463               1
    0.000112013     3.73862e+07          595692     1.12013e-06     0.000112013               1
    0.000123113     2.85225e+07          480271     1.23113e-06     0.000123113               1
    0.000134213     2.11984e+07          396614     1.34213e-06     0.000134213               1
    0.000145313      1.6107e+07          336487     1.45313e-06     0.000145313               1
    0.000156413     1.24968e+07          286240     1.56413e-06     0.000156413               1
    0.000167513      9.8453e+06          242764     1.67513e-06     0.000167513               1
    0.000178613     7.87314e+06          212139     1.78613e-06     0.000178613               1
    0.000189713      6.4179e+06          181861     1.89713e-06     0.000189713               1
    0.000200813      5.2033e+06          160620     2.00813e-06     0.000200813               1
    0.000211913     4.28028e+06          140981     2.11913e-06     0.000211913               1
    0.000223013      3.6199e+06          126809     2.23013e-06     0.000223013               1
    0.000234113     3.22547e+06          122450     2.34113e-06     0.000234113               1
    0.000245213     2.92631e+06          114605     2.45213e-06     0.000245213               1
    0.000256313     2.63984e+06          109946     2.56313e-06     0.000256313               1
    0.000267413     2.35744e+06          105407     2.67413e-06     0.000267413               1
    0.000278513     2.07797e+06          102420     2.78513e-06     0.000278513               1
    0.000306263      1.5381e+06           82784     3.06263e-06     0.000306263               1
    0.000334013     1.17632e+06         70060.2     3.34013e-06     0.000334013               1
    0.000361763          909482         59043.3     3.61763e-06     0.000361763               1
    0.000389513          719551         48814.3     3.89513e-06     0.000389513               1
    0.000417263          576185         44412.4     4.17263e-06     0.000417263               1
    0.000445013          479038         37744.8     4.45013e-06     0.000445013               1
    0.000472763          390959         34165.7     4.72763e-06     0.000472763               1
    0.000500513          332267         30960.2     5.00513e-06     0.000500513               1
    0.000528263          299043         28842.7     5.28263e-06     0.000528263               1
    0.000556013          266248         19011.6     5.56013e-06     0.000556013               1
    0.000667013          186386         13135.4     6.67013e-06     0.000667013               1
    0.000778013          116286          9710.1     7.78013e-06     0.000778013               1
    0.000889013         82818.4          8506.5     8.89013e-06     0.000889013               1
     0.00100001         64521.7         6750.22     1.00001e-05      0.00100001               1
     0.00111101         48229.3          5966.5     1.11101e-05      0.00111101               1
     0.00133301         31009.5         3561.05     1.33301e-05      0.00133301               1
     0.00155501         16402.2         2898.56     1.55501e-05      0.00155501               1
     0.00177701         9934.75         1749.26     1.77701e-05      0.00177701               1
     0.00199901         5221.21          1187.9     1.99901e-05      0.00199901               1
     0.00222101         3655.19         983.194     2.22101e-05      0.00222101               1
     0.00244301          3146.1         772.345     2.44301e-05      0.00244301               1
     0.00266501         2568.85         725.507     2.66501e-05      0.00266501               1
