Macintosh HD:Users:johnbark:Desktop:Yuri:CGCOA075_cor_dsm.txt
Chi^2 = 0.99682   PowerLaw m = -2.81   Iterations = 32
1 box smooth passes and 0 smoothing spline passes
CREATED: Tue, Jul 17, 2007 at  3:41:12 PM
    2.55606e-05     4.49054e+09      3.8883e+07     2.55606e-07     2.55606e-05               1
    2.83356e-05     3.35241e+09      2.7948e+07     2.83356e-07     2.83356e-05               1
    3.11106e-05     2.53216e+09     2.33894e+07     3.11106e-07     3.11106e-05               1
    3.38856e-05      1.9707e+09     2.08433e+07     3.38856e-07     3.38856e-05               1
    3.94356e-05     1.24324e+09     7.27053e+06     3.94356e-07     3.94356e-05               1
    4.49856e-05     7.82766e+08     5.36943e+06     4.49856e-07     4.49856e-05               1
    5.05356e-05      5.2698e+08     4.16445e+06     5.05356e-07     5.05356e-05               1
    5.60856e-05     3.70742e+08     3.27598e+06     5.60856e-07     5.60856e-05               1
    6.16356e-05     2.69201e+08     2.63612e+06     6.16356e-07     6.16356e-05               1
    6.71856e-05     2.00804e+08     2.18324e+06     6.71856e-07     6.71856e-05               1
    7.27356e-05     1.53058e+08     1.78575e+06     7.27356e-07     7.27356e-05               1
    7.82856e-05     1.18191e+08     1.50594e+06     7.82856e-07     7.82856e-05               1
    8.38356e-05     9.44603e+07     1.30008e+06     8.38356e-07     8.38356e-05               1
    8.93856e-05     8.12569e+07     1.18415e+06     8.93856e-07     8.93856e-05               1
    9.49356e-05     7.14345e+07     1.11523e+06     9.49356e-07     9.49356e-05               1
    0.000100486     6.48782e+07     1.08167e+06     1.00486e-06     0.000100486               1
    0.000106036     5.52776e+07          962780     1.06036e-06     0.000106036               1
    0.000111586     4.85132e+07          661086     1.11586e-06     0.000111586               1
    0.000122686     3.69255e+07          536876     1.22686e-06     0.000122686               1
    0.000133786     2.71421e+07          442913     1.33786e-06     0.000133786               1
    0.000144886     2.01726e+07          358632     1.44886e-06     0.000144886               1
    0.000155986     1.52422e+07          306822     1.55986e-06     0.000155986               1
    0.000167086      1.2031e+07          259190     1.67086e-06     0.000167086               1
    0.000178186      9.6046e+06          223322     1.78186e-06     0.000178186               1
    0.000189286     7.69623e+06          191846     1.89286e-06     0.000189286               1
    0.000200386     6.15771e+06          165592     2.00386e-06     0.000200386               1
    0.000211486     5.06388e+06          144657     2.11486e-06     0.000211486               1
    0.000222586     4.54647e+06          141882     2.22586e-06     0.000222586               1
    0.000233686      4.1305e+06          131486     2.33686e-06     0.000233686               1
    0.000244786     3.82521e+06          131404     2.44786e-06     0.000244786               1
    0.000255886     3.59983e+06          126853     2.55886e-06     0.000255886               1
    0.000266986     3.02571e+06          114153     2.66986e-06     0.000266986               1
    0.000278086     2.78156e+06         70580.4     2.78086e-06     0.000278086               1
    0.000305836     2.08188e+06         56994.5     3.05836e-06     0.000305836               1
    0.000333586     1.53026e+06         45685.7     3.33586e-06     0.000333586               1
    0.000361336     1.14491e+06         37640.3     3.61336e-06     0.000361336               1
    0.000389086          890856         32120.2     3.89086e-06     0.000389086               1
    0.000416836          710245           27602     4.16836e-06     0.000416836               1
    0.000444586          586745         23665.8     4.44586e-06     0.000444586               1
    0.000472336          493012         21849.4     4.72336e-06     0.000472336               1
    0.000500086          445158         19933.5     5.00086e-06     0.000500086               1
    0.000527836          358897         17791.3     5.27836e-06     0.000527836               1
    0.000555586          358899           16462     5.55586e-06     0.000555586               1
    0.000666586          232934           11631     6.66586e-06     0.000666586               1
    0.000777586          145833            8295     7.77586e-06     0.000777586               1
    0.000888586         99562.8         7113.61     8.88586e-06     0.000888586               1
    0.000999586         75451.7         5673.21     9.99586e-06     0.000999586               1
     0.00111059         57226.5         3363.42     1.11059e-05      0.00111059               1
     0.00133259         33882.4         2260.82     1.33259e-05      0.00133259               1
     0.00155459         18702.1         1420.66     1.55459e-05      0.00155459               1
     0.00177659         9296.69         972.036     1.77659e-05      0.00177659               1
     0.00199859         5808.27         647.044     1.99859e-05      0.00199859               1
     0.00222059         4739.62         611.889     2.22059e-05      0.00222059               1
     0.00244259         3974.58          539.38     2.44259e-05      0.00244259               1
     0.00266459         3219.73         454.359     2.66459e-05      0.00266459               1
