Macintosh HD:Users:johnbark:Desktop:Yuri:CGCOA069_cor_dsm.txt
Chi^2 = 0.987837   PowerLaw m = -3.02   Iterations = 26
1 box smooth passes and 0 smoothing spline passes
CREATED: Tue, Jul 17, 2007 at  3:40:12 PM
    2.62188e-05     4.42402e+09     3.67242e+07     2.62188e-07     2.62188e-05               1
    2.89938e-05     3.37831e+09     2.78765e+07     2.89938e-07     2.89938e-05               1
    3.17688e-05     2.56598e+09     2.32599e+07     3.17688e-07     3.17688e-05               1
    3.45438e-05     2.00014e+09      2.1065e+07     3.45438e-07     3.45438e-05               1
    4.00938e-05     1.26677e+09     7.34617e+06     4.00938e-07     4.00938e-05               1
    4.56438e-05     7.88262e+08     5.40384e+06     4.56438e-07     4.56438e-05               1
    5.11938e-05     5.21612e+08     4.15595e+06     5.11938e-07     5.11938e-05               1
    5.67438e-05     3.63524e+08      3.2348e+06     5.67438e-07     5.67438e-05               1
    6.22938e-05     2.61498e+08     2.64333e+06     6.22938e-07     6.22938e-05               1
    6.78438e-05     1.94508e+08     2.14223e+06     6.78438e-07     6.78438e-05               1
    7.33938e-05     1.46437e+08     1.75883e+06     7.33938e-07     7.33938e-05               1
    7.89438e-05      1.1273e+08     1.48289e+06     7.89438e-07     7.89438e-05               1
    8.44938e-05      9.0045e+07      1.2679e+06     8.44938e-07     8.44938e-05               1
    9.00438e-05      7.7053e+07     1.17643e+06     9.00438e-07     9.00438e-05               1
    9.55938e-05     6.74749e+07     1.08884e+06     9.55938e-07     9.55938e-05               1
    0.000101144     6.17229e+07     1.05927e+06     1.01144e-06     0.000101144               1
    0.000106694     5.41431e+07          980251     1.06694e-06     0.000106694               1
    0.000112244     4.81493e+07          661328     1.12244e-06     0.000112244               1
    0.000123344     3.64698e+07          539045     1.23344e-06     0.000123344               1
    0.000134444     2.71503e+07          442027     1.34444e-06     0.000134444               1
    0.000145544     2.05024e+07          369948     1.45544e-06     0.000145544               1
    0.000156644     1.57135e+07          313682     1.56644e-06     0.000156644               1
    0.000167744     1.21758e+07          260520     1.67744e-06     0.000167744               1
    0.000178844     9.46241e+06          224427     1.78844e-06     0.000178844               1
    0.000189944     7.62177e+06          188468     1.89944e-06     0.000189944               1
    0.000201044     6.18585e+06          169837     2.01044e-06     0.000201044               1
    0.000212144     5.27599e+06          150207     2.12144e-06     0.000212144               1
    0.000223244     4.61616e+06          141496     2.23244e-06     0.000223244               1
    0.000234344     4.19112e+06          137909     2.34344e-06     0.000234344               1
    0.000245444     3.78022e+06          126071     2.45444e-06     0.000245444               1
    0.000256544     3.75925e+06          136682     2.56544e-06     0.000256544               1
    0.000267644     3.14275e+06          116021     2.67644e-06     0.000267644               1
    0.000278744     2.86046e+06         85829.8     2.78744e-06     0.000278744               1
    0.000306494     2.10212e+06         68579.8     3.06494e-06     0.000306494               1
    0.000334244     1.54711e+06         54772.5     3.34244e-06     0.000334244               1
    0.000361994     1.17347e+06         46343.6     3.61994e-06     0.000361994               1
    0.000389744          920415         39520.1     3.89744e-06     0.000389744               1
    0.000417494          731622           33113     4.17494e-06     0.000417494               1
    0.000445244          598302         29223.5     4.45244e-06     0.000445244               1
    0.000472994          500741         26259.4     4.72994e-06     0.000472994               1
    0.000500744          438991           24008     5.00744e-06     0.000500744               1
    0.000528494          353220         21021.8     5.28494e-06     0.000528494               1
    0.000556244          353145         18955.9     5.56244e-06     0.000556244               1
    0.000667244          237932         13516.2     6.67244e-06     0.000667244               1
    0.000778244          146358         9606.75     7.78244e-06     0.000778244               1
    0.000889244         93524.7         7611.14     8.89244e-06     0.000889244               1
     0.00100024         64059.8         5786.92     1.00024e-05      0.00100024               1
     0.00111124         46179.4         4623.03     1.11124e-05      0.00111124               1
     0.00133324         27587.1         3183.07     1.33324e-05      0.00133324               1
     0.00155524         17228.5         2200.68     1.55524e-05      0.00155524               1
     0.00177724         10938.7         1609.89     1.77724e-05      0.00177724               1
     0.00199924          7424.7         1203.91     1.99924e-05      0.00199924               1
     0.00222124         5762.82         1062.47     2.22124e-05      0.00222124               1
     0.00244324         4662.35         872.134     2.44324e-05      0.00244324               1
     0.00266524         3875.41         834.942     2.66524e-05      0.00266524               1
