Macintosh HD:Users:johnbark:Desktop:Yuri:CGCOA099_cor_dsm.txt
Chi^2 = 0.997293   PowerLaw m = -2.90   Iterations = 77
1 box smooth passes and 0 smoothing spline passes
CREATED: Tue, Jul 17, 2007 at  3:47:41 PM
    2.70616e-05     3.33316e+09     3.04296e+07     2.70616e-07     2.70616e-05               1
    2.98366e-05     2.62789e+09     2.41219e+07     2.98366e-07     2.98366e-05               1
    3.26116e-05     2.04028e+09     2.03686e+07     3.26116e-07     3.26116e-05               1
    3.53866e-05     1.62692e+09     1.85373e+07     3.53866e-07     3.53866e-05               1
    4.09366e-05     1.05648e+09     6.63851e+06     4.09366e-07     4.09366e-05               1
    4.64866e-05     6.78276e+08     4.95587e+06     4.64866e-07     4.64866e-05               1
    5.20366e-05     4.62377e+08     3.84622e+06     5.20366e-07     5.20366e-05               1
    5.75866e-05     3.30189e+08     3.09004e+06     5.75866e-07     5.75866e-05               1
    6.31366e-05      2.4359e+08     2.50896e+06     6.31366e-07     6.31366e-05               1
    6.86866e-05     1.82485e+08     2.06842e+06     6.86866e-07     6.86866e-05               1
    7.42366e-05      1.3912e+08     1.70431e+06     7.42366e-07     7.42366e-05               1
    7.97866e-05      1.0857e+08     1.44544e+06     7.97866e-07     7.97866e-05               1
    8.53366e-05     8.86131e+07     1.25643e+06     8.53366e-07     8.53366e-05               1
    9.08866e-05     7.62878e+07     1.17127e+06     9.08866e-07     9.08866e-05               1
    9.64366e-05     6.67549e+07     1.07984e+06     9.64366e-07     9.64366e-05               1
    0.000101987     5.68772e+07          984153     1.01987e-06     0.000101987               1
    0.000107537     5.10995e+07          950379     1.07537e-06     0.000107537               1
    0.000113087     4.51079e+07          635711     1.13087e-06     0.000113087               1
    0.000124187     3.44378e+07          526830     1.24187e-06     0.000124187               1
    0.000135287     2.60495e+07          432105     1.35287e-06     0.000135287               1
    0.000146387     1.97526e+07          365222     1.46387e-06     0.000146387               1
    0.000157487     1.51895e+07          307508     1.57487e-06     0.000157487               1
    0.000168587     1.17522e+07          256949     1.68587e-06     0.000168587               1
    0.000179687     9.28559e+06          220816     1.79687e-06     0.000179687               1
    0.000190787     7.57358e+06          190466     1.90787e-06     0.000190787               1
    0.000201887     6.19995e+06          168320     2.01887e-06     0.000201887               1
    0.000212987     5.12841e+06          146051     2.12987e-06     0.000212987               1
    0.000224087     4.46859e+06          138572     2.24087e-06     0.000224087               1
    0.000235187     3.90372e+06          129249     2.35187e-06     0.000235187               1
    0.000246287     3.63496e+06          126828     2.46287e-06     0.000246287               1
    0.000257387     2.95281e+06          113805     2.57387e-06     0.000257387               1
    0.000268487     2.86159e+06          112155     2.68487e-06     0.000268487               1
    0.000279587      2.5127e+06          112582     2.79587e-06     0.000279587               1
    0.000307337     2.02048e+06         92777.3     3.07337e-06     0.000307337               1
    0.000335087     1.58646e+06         79547.4     3.35087e-06     0.000335087               1
    0.000362837     1.21459e+06         66273.5     3.62837e-06     0.000362837               1
    0.000390587          935466         52441.9     3.90587e-06     0.000390587               1
    0.000418337          724139         47953.6     4.18337e-06     0.000418337               1
    0.000446087          580172         40492.8     4.46087e-06     0.000446087               1
    0.000473837          486776         34702.3     4.73837e-06     0.000473837               1
    0.000501587          402583         34092.7     5.01587e-06     0.000501587               1
    0.000529337          422512         33818.2     5.29337e-06     0.000529337               1
    0.000557087          335235           20986     5.57087e-06     0.000557087               1
    0.000668087          230593         13750.2     6.68087e-06     0.000668087               1
    0.000779087          141838         11040.1     7.79087e-06     0.000779087               1
    0.000890087          104503         9082.46     8.90087e-06     0.000890087               1
     0.00100109         78978.1         7540.14     1.00109e-05      0.00100109               1
     0.00111209         62159.9         6306.35     1.11209e-05      0.00111209               1
     0.00133409           38064          4374.6     1.33409e-05      0.00133409               1
     0.00155609         21447.7         2785.23     1.55609e-05      0.00155609               1
     0.00177809         10587.5         1843.77     1.77809e-05      0.00177809               1
     0.00200009          4959.1         1081.27     2.00009e-05      0.00200009               1
     0.00222209         3879.49         871.681     2.22209e-05      0.00222209               1
     0.00244409          3440.4         982.309     2.44409e-05      0.00244409               1
     0.00266609         3328.83         778.482     2.66609e-05      0.00266609               1
